xof 0303txt 0032
template ColorRGBA {
 <35ff44e0-6c7c-11cf-8f52-0040333594a3>
 FLOAT red;
 FLOAT green;
 FLOAT blue;
 FLOAT alpha;
}

template ColorRGB {
 <d3e16e81-7835-11cf-8f52-0040333594a3>
 FLOAT red;
 FLOAT green;
 FLOAT blue;
}

template Material {
 <3d82ab4d-62da-11cf-ab39-0020af71e433>
 ColorRGBA faceColor;
 FLOAT power;
 ColorRGB specularColor;
 ColorRGB emissiveColor;
 [...]
}

template TextureFilename {
 <a42790e1-7810-11cf-8f52-0040333594a3>
 STRING filename;
}

template Frame {
 <3d82ab46-62da-11cf-ab39-0020af71e433>
 [...]
}

template Matrix4x4 {
 <f6f23f45-7686-11cf-8f52-0040333594a3>
 array FLOAT matrix[16];
}

template FrameTransformMatrix {
 <f6f23f41-7686-11cf-8f52-0040333594a3>
 Matrix4x4 frameMatrix;
}

template Vector {
 <3d82ab5e-62da-11cf-ab39-0020af71e433>
 FLOAT x;
 FLOAT y;
 FLOAT z;
}

template MeshFace {
 <3d82ab5f-62da-11cf-ab39-0020af71e433>
 DWORD nFaceVertexIndices;
 array DWORD faceVertexIndices[nFaceVertexIndices];
}

template Mesh {
 <3d82ab44-62da-11cf-ab39-0020af71e433>
 DWORD nVertices;
 array Vector vertices[nVertices];
 DWORD nFaces;
 array MeshFace faces[nFaces];
 [...]
}

template MeshNormals {
 <f6f23f43-7686-11cf-8f52-0040333594a3>
 DWORD nNormals;
 array Vector normals[nNormals];
 DWORD nFaceNormals;
 array MeshFace faceNormals[nFaceNormals];
}

template MeshMaterialList {
 <f6f23f42-7686-11cf-8f52-0040333594a3>
 DWORD nMaterials;
 DWORD nFaceIndexes;
 array DWORD faceIndexes[nFaceIndexes];
 [Material <3d82ab4d-62da-11cf-ab39-0020af71e433>]
}

template Coords2d {
 <f6f23f44-7686-11cf-8f52-0040333594a3>
 FLOAT u;
 FLOAT v;
}

template MeshTextureCoords {
 <f6f23f40-7686-11cf-8f52-0040333594a3>
 DWORD nTextureCoords;
 array Coords2d textureCoords[nTextureCoords];
}

template XSkinMeshHeader {
 <3cf169ce-ff7c-44ab-93c0-f78f62d172e2>
 WORD nMaxSkinWeightsPerVertex;
 WORD nMaxSkinWeightsPerFace;
 WORD nBones;
}

template SkinWeights {
 <6f0d123b-bad2-4167-a0d0-80224f25fabb>
 STRING transformNodeName;
 DWORD nWeights;
 array DWORD vertexIndices[nWeights];
 array FLOAT weights[nWeights];
 Matrix4x4 matrixOffset;
}

template AnimTicksPerSecond {
 <9e415a43-7ba6-4a73-8743-b73d47e88476>
 DWORD AnimTicksPerSecond;
}

template Animation {
 <3d82ab4f-62da-11cf-ab39-0020af71e433>
 [...]
}

template AnimationSet {
 <3d82ab50-62da-11cf-ab39-0020af71e433>
 [Animation <3d82ab4f-62da-11cf-ab39-0020af71e433>]
}

template FloatKeys {
 <10dd46a9-775b-11cf-8f52-0040333594a3>
 DWORD nValues;
 array FLOAT values[nValues];
}

template TimedFloatKeys {
 <f406b180-7b3b-11cf-8f52-0040333594a3>
 DWORD time;
 FloatKeys tfkeys;
}

template AnimationKey {
 <10dd46a8-775b-11cf-8f52-0040333594a3>
 DWORD keyType;
 DWORD nKeys;
 array TimedFloatKeys keys[nKeys];
}


Material Castanic_girl_MI2 {
 1.000000;1.000000;1.000000;1.000000;;
 10.000000;
 0.000000;0.000000;0.000000;;
 0.000000;0.000000;0.000000;;

 TextureFilename {
  "Castanic_girl_diff.tga";
 }
}

Frame Dummy_root {
 

 FrameTransformMatrix {
  1.000000,0.000000,0.000000,0.000000,0.000000,1.000000,0.000000,0.000000,0.000000,-0.000000,1.000000,0.000000,0.000000,0.000000,0.000000,1.000000;;
 }

 Frame Bip01 {
  

  FrameTransformMatrix {
   0.973265,-0.211934,-0.088536,0.000000,0.201727,0.973052,-0.111698,0.000000,0.109823,0.090852,0.989790,0.000000,0.000000,16.459998,0.000000,1.000000;;
  }

  Frame Bip01-Pelvis {
   

   FrameTransformMatrix {
    0.000000,0.990268,-0.139175,0.000000,-0.000002,0.139175,0.990268,0.000000,1.000000,0.000000,0.000002,0.000000,0.000000,0.000000,0.000000,1.000000;;
   }

   Frame Bip01-Spine {
    

    FrameTransformMatrix {
     0.981163,0.078330,-0.176588,0.000000,-0.125670,0.953051,-0.275502,0.000000,0.146717,0.292504,0.944942,0.000000,1.357339,0.190184,0.464819,1.000000;;
    }

    Frame Bip01-Spine1 {
     

     FrameTransformMatrix {
      0.962934,0.195508,-0.185833,0.000000,-0.235444,0.945391,-0.225394,0.000000,0.131619,0.260793,0.956381,0.000000,2.669140,-0.000771,-0.002826,1.000000;;
     }

     Frame Bip01-Neck {
      

      FrameTransformMatrix {
       0.890073,-0.125402,0.438230,0.000000,-0.021143,0.949019,0.314510,0.000000,-0.455328,-0.289202,0.842044,0.000000,3.930984,0.000403,-0.242711,1.000000;;
      }

      Frame Bip01-Head {
       

       FrameTransformMatrix {
        0.937788,0.027263,-0.346138,0.000000,-0.023244,0.999606,0.015755,0.000000,0.346431,-0.006729,0.938052,0.000000,1.754173,-0.000000,-0.000000,1.000000;;
       }

       Frame Bip01-Ponytail1 {
        

        FrameTransformMatrix {
         -0.482399,0.000003,0.875952,0.000000,-0.000002,1.000000,-0.000004,0.000000,-0.875952,-0.000004,-0.482399,0.000000,0.064802,0.000004,0.164493,1.000000;;
        }
       }

       Frame Bone12_mirrored_ {
        

        FrameTransformMatrix {
         -0.017751,0.288148,0.957422,0.000000,0.997299,0.073372,-0.003592,0.000000,-0.071282,0.954771,-0.288672,0.000000,0.857563,0.616681,1.316300,1.000000;;
        }
       }

       Frame Bone14_mirrored_ {
        

        FrameTransformMatrix {
         -0.450090,0.254071,0.856077,0.000000,0.890002,0.049351,0.453279,0.000000,0.072917,0.965926,-0.248336,0.000000,0.856930,0.650009,1.312362,1.000000;;
        }
       }

       Frame Bone12 {
        

        FrameTransformMatrix {
         -0.017280,-0.281774,0.959325,0.000000,0.997418,-0.071750,-0.003108,0.000000,0.069707,0.956795,0.282286,0.000000,0.857563,-0.616992,1.314772,1.000000;;
        }
       }

       Frame Bone08_mirrored_ {
        

        FrameTransformMatrix {
         0.070622,0.249716,0.965740,0.000000,0.996816,0.018253,-0.077614,0.000000,-0.037009,0.968147,-0.247632,0.000000,0.876099,0.620128,1.289355,1.000000;;
        }
       }

       Frame Bone08 {
        

        FrameTransformMatrix {
         0.070620,-0.249713,0.965741,0.000000,0.996817,-0.018253,-0.077612,0.000000,0.037009,0.968148,0.247629,0.000000,0.876089,-0.619991,1.289357,1.000000;;
        }
       }

       Frame Bone14 {
        

        FrameTransformMatrix {
         -0.450088,-0.254070,0.856078,0.000000,0.890003,-0.049350,0.453278,0.000000,-0.072917,0.965926,0.248335,0.000000,0.856930,-0.649991,1.312364,1.000000;;
        }
       }

       Frame Bone01 {
        

        FrameTransformMatrix {
         0.250735,0.000423,0.968056,0.000000,-0.000422,-1.000000,0.000546,0.000000,0.968056,-0.000546,-0.250734,0.000000,1.106533,0.325313,0.951710,1.000000;;
        }
       }

       Frame Bone01_mirrored_ {
        

        FrameTransformMatrix {
         0.250735,0.000423,0.968056,0.000000,-0.000423,-1.000000,0.000546,0.000000,0.968056,-0.000546,-0.250735,0.000000,1.106531,-0.321013,0.951711,1.000000;;
        }
       }

       Frame Bone17 {
        

        FrameTransformMatrix {
         0.238243,0.269731,0.932998,0.000000,-0.000137,-0.960651,0.277761,0.000000,0.971206,-0.066303,-0.228831,0.000000,1.259525,0.652462,0.777142,1.000000;;
        }
       }

       Frame Bone17_mirrored_ {
        

        FrameTransformMatrix {
         0.238243,-0.269729,0.932999,0.000000,0.000137,-0.960652,-0.277758,0.000000,0.971206,0.066302,-0.228831,0.000000,1.259523,-0.647538,0.777143,1.000000;;
        }
       }

       Frame Bone18 {
        

        FrameTransformMatrix {
         -0.984865,-0.128946,-0.115817,0.000000,-0.088387,-0.201156,0.975564,0.000000,-0.149093,0.971035,0.186714,0.000000,1.404079,-1.411593,0.528523,1.000000;;
        }

        Frame Bone19 {
         

         FrameTransformMatrix {
          0.944159,0.252327,0.211886,0.000000,-0.257957,0.966156,-0.001107,0.000000,-0.204994,-0.053613,0.977294,0.000000,0.738758,0.000002,-0.000008,1.000000;;
         }

         Frame Bone20 {
          

          FrameTransformMatrix {
           0.994606,0.085832,0.058248,0.000000,-0.086564,0.996195,0.010147,0.000000,-0.057155,-0.015134,0.998251,0.000000,1.002375,-0.000004,-0.000009,1.000000;;
          }
         }
        }
       }

       Frame Bone02 {
        

        FrameTransformMatrix {
         -0.999973,-0.007290,-0.000454,0.000000,-0.000454,-0.000002,1.000000,0.000000,-0.007290,0.999974,-0.000001,0.000000,1.404835,1.479519,0.528745,1.000000;;
        }

        Frame Bone03 {
         

         FrameTransformMatrix {
          0.978337,0.171134,0.116487,0.000000,-0.173391,0.984808,0.009446,0.000000,-0.113100,-0.029439,0.993147,0.000000,0.738758,0.000002,-0.000008,1.000000;;
         }

         Frame Bone04 {
          

          FrameTransformMatrix {
           0.991912,0.085232,0.094058,0.000000,-0.086563,0.996195,0.010147,0.000000,-0.092836,-0.018206,0.995515,0.000000,1.002373,-0.000004,-0.000008,1.000000;;
          }
         }
        }
       }

       Frame Bone13 {
        

        FrameTransformMatrix {
         0.039928,-0.333806,0.941796,0.000000,0.014139,0.942642,0.333506,0.000000,-0.999103,-0.000000,0.042357,0.000000,-0.208504,0.000005,0.847217,1.000000;;
        }
       }

       Frame Bone13_mirrored_ {
        

        FrameTransformMatrix {
         0.039926,0.333809,0.941795,0.000000,0.014137,-0.942641,0.333509,0.000000,0.999103,-0.000001,-0.042356,0.000000,-0.208504,0.000005,0.847217,1.000000;;
        }
       }
      }

      Frame Bip01-L-Clavicle {
       

       FrameTransformMatrix {
        -0.155103,0.943027,-0.294353,0.000000,0.886262,0.001190,-0.463184,0.000000,-0.436444,-0.332715,-0.835953,0.000000,-0.436726,0.508123,-0.049242,1.000000;;
       }

       Frame Bip01-L-UpperArm {
        

        FrameTransformMatrix {
         0.405954,-0.899151,0.163492,0.000000,0.849300,0.305113,-0.430808,0.000000,0.337478,0.313742,0.887510,0.000000,1.472366,0.000006,-0.000001,1.000000;;
        }

        Frame Bip01-L-Forearm {
         

         FrameTransformMatrix {
          0.953534,0.000000,-0.301286,0.000000,0.000000,1.000000,-0.000000,0.000000,0.301286,0.000000,0.953534,0.000000,4.336489,0.000001,-0.000001,1.000000;;
         }

         Frame Bip01-L-Hand {
          

          FrameTransformMatrix {
           0.997494,-0.022808,0.066975,0.000000,-0.063892,0.116241,0.991164,0.000000,-0.030392,-0.992959,0.114492,0.000000,4.222823,0.000000,0.000000,1.000000;;
          }

          Frame Bip01-L-Finger0 {
           

           FrameTransformMatrix {
            0.806644,-0.126879,0.577258,0.000000,0.428614,-0.546921,-0.719144,0.000000,0.406958,0.827514,-0.386789,0.000000,0.242654,-0.487458,0.200489,1.000000;;
           }

           Frame Bip01-L-Finger01 {
            

            FrameTransformMatrix {
             0.993135,0.000000,0.116979,0.000000,-0.000000,1.000000,0.000000,0.000000,-0.116979,0.000000,0.993135,0.000000,0.454416,0.000000,0.000001,1.000000;;
            }

            Frame Bip01-L-Finger02 {
             

             FrameTransformMatrix {
              0.990268,-0.000000,0.139173,0.000000,0.000000,1.000000,-0.000000,0.000000,-0.139173,-0.000000,0.990268,0.000000,0.536808,-0.000000,0.000000,1.000000;;
             }
            }
           }
          }

          Frame Bip01-L-Finger1 {
           

           FrameTransformMatrix {
            0.998350,0.050421,0.027478,0.000000,-0.049776,0.998480,-0.023661,0.000000,-0.028629,0.022255,0.999342,0.000000,1.224121,-0.458968,-0.126478,1.000000;;
           }

           Frame Bip01-L-Finger11 {
            

            FrameTransformMatrix {
             0.954862,-0.000000,0.297049,0.000000,0.000000,1.000000,-0.000000,0.000000,-0.297049,0.000000,0.954862,0.000000,0.667198,-0.000000,0.000000,1.000000;;
            }

            Frame Bip01-L-Finger12 {
             

             FrameTransformMatrix {
              0.975507,0.000000,0.219969,0.000000,-0.000000,1.000000,-0.000000,0.000000,-0.219969,-0.000000,0.975507,0.000000,0.475769,0.000000,-0.000000,1.000000;;
             }
            }
           }
          }

          Frame Bip01-L-Finger2 {
           

           FrameTransformMatrix {
            0.875631,0.075687,0.477013,0.000000,-0.040800,0.995706,-0.083093,0.000000,-0.481254,0.053296,0.874960,0.000000,1.294969,-0.123527,-0.187097,1.000000;;
           }

           Frame Bip01-L-Finger21 {
            

            FrameTransformMatrix {
             0.908141,-0.000000,0.418664,0.000000,-0.000000,1.000000,0.000000,0.000000,-0.418664,-0.000000,0.908141,0.000000,1.006789,0.000000,0.000000,1.000000;;
            }

            Frame Bip01-L-Finger22 {
             

             FrameTransformMatrix {
              0.948696,0.000000,0.316191,0.000000,-0.000000,1.000000,-0.000000,0.000000,-0.316191,0.000000,0.948696,0.000000,0.451013,0.000000,-0.000001,1.000000;;
             }
            }
           }
          }

          Frame Bip01-L-Finger3 {
           

           FrameTransformMatrix {
            0.812663,0.101509,0.573825,0.000000,-0.097746,0.994505,-0.037497,0.000000,-0.574478,-0.025617,0.818119,0.000000,1.276741,0.203014,-0.140014,1.000000;;
           }

           Frame Bip01-L-Finger31 {
            

            FrameTransformMatrix {
             0.843916,0.000000,0.536476,0.000000,-0.000000,1.000000,0.000000,0.000000,-0.536476,-0.000000,0.843916,0.000000,0.861110,0.000000,-0.000000,1.000000;;
            }

            Frame Bip01-L-Finger32 {
             

             FrameTransformMatrix {
              0.881998,-0.000000,0.471254,0.000000,0.000000,1.000000,-0.000000,0.000000,-0.471254,0.000000,0.881998,0.000000,0.418020,0.000000,0.000000,1.000000;;
             }
            }
           }
          }

          Frame Bip01-L-Finger4 {
           

           FrameTransformMatrix {
            0.710754,0.194279,0.676080,0.000000,-0.296451,0.954315,0.037422,0.000000,-0.637923,-0.227023,0.735877,0.000000,1.170967,0.487920,-0.005165,1.000000;;
           }

           Frame Bip01-L-Finger41 {
            

            FrameTransformMatrix {
             0.846973,0.000000,0.531637,0.000000,-0.000000,1.000000,-0.000000,0.000000,-0.531637,0.000000,0.846973,0.000000,0.619818,-0.000000,0.000000,1.000000;;
            }

            Frame Bip01-L-Finger42 {
             

             FrameTransformMatrix {
              0.584693,0.000000,0.811255,0.000000,-0.000000,1.000000,0.000000,0.000000,-0.811255,-0.000000,0.584693,0.000000,0.335053,0.000000,0.000000,1.000000;;
             }
            }
           }
          }
         }
        }

        Frame Bone07_mirrored_ {
         

         FrameTransformMatrix {
          1.000000,-0.000001,-0.000002,0.000000,-0.000001,-1.000000,0.000690,0.000000,-0.000002,-0.000690,-1.000000,0.000000,0.146269,0.015919,0.101662,1.000000;;
         }
        }
       }
      }

      Frame Bip01-R-Clavicle {
       

       FrameTransformMatrix {
        -0.303161,-0.938824,0.163409,0.000000,-0.836626,0.344314,0.426034,0.000000,-0.456235,-0.007556,-0.889828,0.000000,-0.298378,-0.538889,0.269827,1.000000;;
       }

       Frame Bip01-R-UpperArm {
        

        FrameTransformMatrix {
         0.363348,0.813893,0.453383,0.000000,-0.880630,0.458875,-0.118001,0.000000,-0.304086,-0.356388,0.883470,0.000000,1.472366,-0.000002,-0.000000,1.000000;;
        }

        Frame Bip01-R-Forearm {
         

         FrameTransformMatrix {
          0.936539,0.000000,-0.350564,0.000000,-0.000000,1.000000,0.000000,0.000000,0.350564,0.000000,0.936539,0.000000,4.336483,0.000000,0.000001,1.000000;;
         }

         Frame Bip01-R-Hand {
          

          FrameTransformMatrix {
           0.947712,-0.288420,-0.136589,0.000000,-0.107495,0.114488,-0.987592,0.000000,0.300479,0.950635,0.077498,0.000000,4.222824,-0.000001,0.000000,1.000000;;
          }

          Frame Bip01-R-Finger0 {
           

           FrameTransformMatrix {
            0.858973,0.200103,0.471301,0.000000,-0.454289,-0.126766,0.881789,0.000000,0.236193,-0.971539,-0.017984,0.000000,0.242653,0.487458,0.200489,1.000000;;
           }

           Frame Bip01-R-Finger01 {
            

            FrameTransformMatrix {
             0.977862,0.000000,0.209250,0.000000,0.000000,1.000000,0.000000,0.000000,-0.209250,0.000000,0.977862,0.000000,0.454416,-0.000000,0.000000,1.000000;;
            }

            Frame Bip01-R-Finger02 {
             

             FrameTransformMatrix {
              0.944751,0.000000,0.327788,0.000000,-0.000000,1.000000,0.000000,0.000000,-0.327788,-0.000000,0.944751,0.000000,0.536806,0.000000,-0.000001,1.000000;;
             }
            }
           }
          }

          Frame Bip01-R-Finger1 {
           

           FrameTransformMatrix {
            0.903373,-0.190646,0.384150,0.000000,0.166495,0.981405,0.095521,0.000000,-0.395217,-0.022332,0.918316,0.000000,1.224119,0.458968,-0.126477,1.000000;;
           }

           Frame Bip01-R-Finger11 {
            

            FrameTransformMatrix {
             0.952214,0.000000,0.305431,0.000000,-0.000000,1.000000,0.000000,0.000000,-0.305431,-0.000000,0.952214,0.000000,0.667200,-0.000000,0.000000,1.000000;;
            }

            Frame Bip01-R-Finger12 {
             

             FrameTransformMatrix {
              0.943560,0.000000,0.331200,0.000000,-0.000000,1.000000,-0.000000,0.000000,-0.331201,0.000000,0.943560,0.000000,0.475769,0.000000,0.000001,1.000000;;
             }
            }
           }
          }

          Frame Bip01-R-Finger2 {
           

           FrameTransformMatrix {
            0.441248,0.034005,0.896741,0.000000,0.288977,0.940668,-0.177864,0.000000,-0.849584,0.337620,0.405241,0.000000,1.294968,0.123527,-0.187098,1.000000;;
           }

           Frame Bip01-R-Finger21 {
            

            FrameTransformMatrix {
             0.112963,0.000000,0.993600,0.000000,-0.000000,1.000000,-0.000000,0.000000,-0.993600,-0.000000,0.112963,0.000000,1.006788,0.000000,-0.000001,1.000000;;
            }

            Frame Bip01-R-Finger22 {
             

             FrameTransformMatrix {
              0.746444,0.000000,0.665449,0.000000,-0.000000,1.000000,-0.000000,0.000000,-0.665449,0.000000,0.746444,0.000000,0.451014,-0.000000,-0.000001,1.000000;;
             }
            }
           }
          }

          Frame Bip01-R-Finger3 {
           

           FrameTransformMatrix {
            0.531284,0.067275,0.844519,0.000000,0.248662,0.940553,-0.231358,0.000000,-0.809879,0.332917,0.482972,0.000000,1.276742,-0.203014,-0.140013,1.000000;;
           }

           Frame Bip01-R-Finger31 {
            

            FrameTransformMatrix {
             0.560492,-0.000000,0.828160,0.000000,0.000000,1.000000,0.000000,0.000000,-0.828160,-0.000000,0.560492,0.000000,0.861110,0.000000,0.000000,1.000000;;
            }

            Frame Bip01-R-Finger32 {
             

             FrameTransformMatrix {
              0.777485,-0.000000,0.628902,0.000000,0.000000,1.000000,0.000000,0.000000,-0.628902,-0.000000,0.777485,0.000000,0.418022,0.000000,0.000002,1.000000;;
             }
            }
           }
          }

          Frame Bip01-R-Finger4 {
           

           FrameTransformMatrix {
            0.891117,-0.011884,0.453618,0.000000,0.090316,0.984302,-0.151634,0.000000,-0.444694,0.176093,0.878202,0.000000,1.170969,-0.487920,-0.005165,1.000000;;
           }

           Frame Bip01-R-Finger41 {
            

            FrameTransformMatrix {
             0.695323,-0.000000,0.718697,0.000000,0.000000,1.000000,0.000000,0.000000,-0.718697,0.000000,0.695323,0.000000,0.619816,-0.000000,0.000001,1.000000;;
            }

            Frame Bip01-R-Finger42 {
             

             FrameTransformMatrix {
              0.775296,-0.000000,0.631598,0.000000,-0.000000,1.000000,0.000000,0.000000,-0.631599,-0.000000,0.775296,0.000000,0.335053,0.000000,-0.000001,1.000000;;
             }
            }
           }
          }
         }
        }

        Frame Bone07 {
         

         FrameTransformMatrix {
          1.000000,0.000000,-0.000000,0.000000,0.000000,1.000000,0.000000,0.000000,0.000000,-0.000000,1.000000,0.000000,0.146385,-0.016052,0.101623,1.000000;;
         }
        }
       }
      }
     }
    }

    Frame Bip01-L-Thigh {
     

     FrameTransformMatrix {
      -0.986918,-0.161065,0.007214,0.000000,0.153285,-0.951236,-0.267684,0.000000,0.049977,-0.263076,0.963480,0.000000,-1.150686,1.503241,-0.268660,1.000000;;
     }

     Frame Bip01-L-Calf {
      

      FrameTransformMatrix {
       0.995085,0.000000,-0.099022,0.000000,-0.000000,1.000000,0.000000,0.000000,0.099022,-0.000000,0.995085,0.000000,7.710422,0.000001,-0.000000,1.000000;;
      }

      Frame Bip01-L-Foot {
       

       FrameTransformMatrix {
        0.998616,0.003031,0.052514,0.000000,-0.005192,0.999144,0.041058,0.000000,-0.052345,-0.041274,0.997776,0.000000,6.929306,0.000000,-0.000000,1.000000;;
       }

       Frame Bip01-L-Toe0 {
        

        FrameTransformMatrix {
         -0.027481,-0.000000,0.999622,0.000000,0.000000,1.000000,0.000000,0.000000,-0.999622,0.000000,-0.027481,0.000000,2.096618,0.000000,1.688477,1.000000;;
        }
       }
      }

      Frame Bone27 {
       

       FrameTransformMatrix {
        0.976267,0.013718,-0.216136,0.000000,0.002466,-0.998632,-0.052243,0.000000,-0.216557,0.050470,-0.974965,0.000000,0.037815,0.001138,0.043177,1.000000;;
       }
      }
     }

     Frame Bone29 {
      

      FrameTransformMatrix {
       -0.978256,0.014005,-0.206929,0.000000,-0.003254,-0.998631,-0.052206,0.000000,-0.207377,-0.050397,0.976962,0.000000,7.514983,0.010810,-0.035763,1.000000;;
      }
     }
    }

    Frame Bip01-R-Thigh {
     

     FrameTransformMatrix {
      -0.947555,-0.292938,0.127776,0.000000,0.293367,-0.955868,-0.015876,0.000000,0.126787,0.022442,0.991676,0.000000,-1.378487,-1.268481,-1.119341,1.000000;;
     }

     Frame Bip01-R-Calf {
      

      FrameTransformMatrix {
       0.891760,-0.000000,-0.452509,0.000000,0.000000,1.000000,0.000000,0.000000,0.452510,-0.000000,0.891760,0.000000,7.710421,0.000000,-0.000000,1.000000;;
      }

      Frame Bip01-R-Foot {
       

       FrameTransformMatrix {
        0.945493,-0.135989,0.295890,0.000000,0.151922,0.987893,-0.031424,0.000000,-0.288034,0.074663,0.954705,0.000000,6.929303,0.000000,0.000000,1.000000;;
       }

       Frame Bip01-R-Toe0 {
        

        FrameTransformMatrix {
         -0.015336,0.000000,0.999882,0.000000,-0.000000,1.000000,-0.000000,0.000000,-0.999883,-0.000000,-0.015336,0.000000,2.096618,-0.000000,1.688477,1.000000;;
        }
       }
      }

      Frame Bone26 {
       

       FrameTransformMatrix {
        0.976267,-0.013719,-0.216137,0.000000,0.002467,0.998631,-0.052245,0.000000,0.216558,0.050471,0.974964,0.000000,0.037814,-0.000844,0.043158,1.000000;;
       }
      }
     }

     Frame Bone28 {
      

      FrameTransformMatrix {
       -0.978256,-0.013972,-0.206931,0.000000,-0.003220,0.998631,-0.052204,0.000000,0.207377,-0.050402,-0.976962,0.000000,7.514979,-0.010766,-0.035770,1.000000;;
      }
     }
    }
   }

   Frame Bone09 {
    

    FrameTransformMatrix {
     -0.971589,0.146993,0.185494,0.000000,0.181359,-0.041168,0.982555,0.000000,0.152065,0.988281,0.013339,0.000000,1.323470,0.822588,1.606884,1.000000;;
    }

    Frame Bone10 {
     

     FrameTransformMatrix {
      0.952517,0.000000,-0.304485,0.000000,-0.000000,1.000000,0.000000,0.000000,0.304485,-0.000000,0.952517,0.000000,1.376452,-0.000000,0.000001,1.000000;;
     }

     Frame Bone11 {
      

      FrameTransformMatrix {
       0.985842,-0.000000,-0.167677,0.000000,0.000000,1.000000,-0.000000,0.000000,0.167677,0.000000,0.985842,0.000000,1.726997,-0.000000,0.000012,1.000000;;
      }
     }
    }
   }

   Frame Bone23 {
    

    FrameTransformMatrix {
     -0.910279,-0.337365,0.239955,0.000000,0.235928,0.053552,0.970294,0.000000,-0.340193,0.939850,0.030846,0.000000,1.323482,-0.823002,1.606879,1.000000;;
    }

    Frame Bone24 {
     

     FrameTransformMatrix {
      0.997618,-0.000000,0.068985,0.000000,0.000000,1.000000,0.000000,0.000000,-0.068985,-0.000000,0.997618,0.000000,1.376455,-0.000002,0.000000,1.000000;;
     }

     Frame Bone25 {
      

      FrameTransformMatrix {
       0.999205,-0.000000,-0.039863,0.000000,0.000000,1.000000,-0.000000,0.000000,0.039863,0.000000,0.999205,0.000000,1.726997,0.000003,-0.000011,1.000000;;
      }
     }
    }
   }

   Frame Bone05 {
    

    FrameTransformMatrix {
     -0.986946,-0.145491,-0.069066,0.000000,-0.138500,0.985595,-0.097057,0.000000,0.082193,-0.086224,-0.992880,0.000000,0.355134,1.134521,-1.561692,1.000000;;
    }

    Frame Bone06 {
     

     FrameTransformMatrix {
      0.963462,-0.132788,-0.232612,0.000000,0.132005,0.991067,-0.019004,0.000000,0.233057,-0.012396,0.972384,0.000000,1.164676,0.000000,0.000002,1.000000;;
     }
    }
   }

   Frame Bone21 {
    

    FrameTransformMatrix {
     -0.986947,-0.145490,-0.069063,0.000000,-0.145136,0.989360,-0.010152,0.000000,0.069805,0.000004,-0.997561,0.000000,0.355138,-1.140177,-1.561697,1.000000;;
    }

    Frame Bone22 {
     

     FrameTransformMatrix {
      0.926348,-0.130164,-0.353463,0.000000,0.132006,0.991067,-0.019004,0.000000,0.352779,-0.029055,0.935255,0.000000,1.164675,-0.000000,0.000002,1.000000;;
     }
    }
   }
  }
 }
}

Frame Castanic_girl_skel {
 

 FrameTransformMatrix {
  1.000000,0.000000,0.000000,0.000000,0.000000,1.000000,0.000000,0.000000,0.000000,0.000000,1.000000,0.000000,0.000000,0.000000,0.000000,1.000000;;
 }

 Mesh Castanic_girl_skel {
  5575;
  0.298584;1.756691;2.047882;,
  0.164919;1.751060;1.363589;,
  -0.007554;1.641097;1.992025;,
  -0.337073;1.636685;0.910496;,
  -0.031732;1.661307;0.735995;,
  -0.596096;1.660539;1.244678;,
  0.900835;2.166819;1.339263;,
  0.796344;2.051063;1.784529;,
  0.601091;1.926822;1.966275;,
  0.298584;1.756691;2.047882;,
  0.268325;1.768024;0.718860;,
  0.619721;1.856066;0.801262;,
  0.619721;1.856066;0.801262;,
  0.636097;1.998493;0.912744;,
  0.900835;2.166819;1.339263;,
  -0.007554;1.641097;1.992025;,
  -0.455722;1.631230;1.665420;,
  -0.596096;1.660539;1.244678;,
  -0.031732;1.661307;0.735995;,
  0.268325;1.768024;0.718860;,
  1.527799;27.843040;-1.069536;,
  1.447099;28.007523;-1.161049;,
  1.582387;27.982122;-0.990404;,
  1.508620;28.094355;-0.994768;,
  1.305536;28.110378;-1.274866;,
  1.400575;28.265850;-1.210596;,
  1.272855;28.039475;-1.351932;,
  1.315812;27.880973;-1.174316;,
  1.114469;27.637158;-1.282629;,
  1.280806;27.672634;-1.147956;,
  1.202301;27.514355;-1.206101;,
  1.038874;27.216733;-1.303772;,
  0.897191;27.240371;-1.384741;,
  0.720417;27.271120;-1.574462;,
  0.803235;26.844634;-1.373274;,
  0.627743;26.856554;-1.573349;,
  0.862472;27.582198;-1.469678;,
  1.116448;27.905296;-1.491938;,
  0.910711;28.079843;-1.582294;,
  0.800181;27.896602;-1.693024;,
  0.581431;27.566096;-1.623895;,
  0.506357;27.324675;-1.623902;,
  0.403362;26.884787;-1.629363;,
  0.291473;27.373670;-1.517134;,
  0.223723;26.394085;-1.367710;,
  0.172448;26.953206;-1.432786;,
  0.199400;27.361402;-1.521257;,
  0.098883;27.046989;-1.528626;,
  -0.060117;26.691781;-1.437054;,
  0.933129;26.823157;-1.283350;,
  0.787480;26.422928;-1.371613;,
  0.620203;26.422146;-1.554233;,
  0.412387;26.412602;-1.600427;,
  0.489941;25.855923;-1.511497;,
  0.345031;25.852190;-1.333901;,
  0.641696;25.860142;-1.462043;,
  0.699899;25.408792;-1.351530;,
  0.610114;25.443429;-1.403835;,
  0.600783;25.309738;-1.279066;,
  0.787272;25.083547;-1.243820;,
  0.925752;24.982197;-1.197106;,
  0.786206;25.418341;-1.302609;,
  0.791225;25.860154;-1.351876;,
  0.827656;26.048394;-1.223762;,
  0.751332;25.700947;-1.137716;,
  0.777618;26.044773;-1.307260;,
  0.913916;26.406230;-1.247415;,
  0.465901;27.868461;-1.783037;,
  0.164129;28.091626;-1.766354;,
  0.543933;28.057040;-1.694602;,
  0.421856;27.580090;-1.696536;,
  0.030817;27.620979;-1.609018;,
  0.083345;27.909744;-1.800698;,
  -0.245191;27.966822;-1.667831;,
  -0.372338;27.750768;-1.707957;,
  -0.342772;27.945594;-1.727483;,
  -0.166571;28.162586;-1.724932;,
  -0.536515;28.054797;-1.741197;,
  -0.563564;28.161107;-1.747951;,
  0.262885;28.294214;-1.818954;,
  0.695760;28.263114;-1.685325;,
  0.987442;28.315018;-1.477856;,
  -0.075979;28.588950;-1.726340;,
  -0.097623;28.339456;-1.831998;,
  -0.312414;28.401648;-1.955551;,
  0.342182;28.431549;-1.677063;,
  1.726915;28.284557;-0.799075;,
  1.727323;28.138675;-0.894215;,
  1.769386;28.212438;-0.824459;,
  1.849487;28.162179;-0.828379;,
  1.955642;28.349990;0.156195;,
  1.868448;28.524362;0.297706;,
  1.882185;28.338656;0.429561;,
  1.846332;28.537136;0.461942;,
  1.872799;28.421901;0.361121;,
  1.786468;28.455181;0.548502;,
  1.850621;28.412182;0.522573;,
  1.862924;28.286426;0.487219;,
  1.806968;28.612931;0.439078;,
  1.828678;28.786586;0.159345;,
  1.763352;28.753130;0.386462;,
  1.744630;28.592410;0.549170;,
  1.644483;29.066285;-0.097383;,
  1.846651;28.675363;-0.177253;,
  1.719541;28.863043;-0.400819;,
  1.587858;29.056742;0.143922;,
  1.653703;28.758947;0.499286;,
  1.741009;28.726128;0.659742;,
  1.807526;28.554365;0.640497;,
  1.751911;28.680032;0.770932;,
  1.773942;28.507581;0.709565;,
  1.622638;28.385277;0.807763;,
  1.789819;28.303594;0.600654;,
  1.831598;28.411965;0.575928;,
  1.786468;28.455181;0.548502;,
  1.846332;28.537136;0.461942;,
  1.818033;28.605683;0.251825;,
  1.868448;28.524362;0.297706;,
  1.489817;28.455171;0.973229;,
  1.545499;28.356861;0.952393;,
  1.956445;28.459821;-0.011204;,
  1.955642;28.349990;0.156195;,
  1.964610;28.420195;0.012966;,
  1.929218;28.337254;0.084523;,
  1.975159;28.394726;-0.081699;,
  1.981183;28.410851;0.000368;,
  1.876529;28.593328;-0.325019;,
  1.958658;28.474730;-0.152773;,
  1.890664;28.346662;-0.298376;,
  1.909622;28.465942;-0.492774;,
  1.842215;28.365907;-0.601013;,
  1.880531;28.265968;-0.396479;,
  1.753246;28.746979;-0.586006;,
  1.783022;28.552563;-0.728098;,
  1.774110;28.529670;-0.748320;,
  1.722449;28.374000;-0.824655;,
  1.478859;28.393382;-1.141483;,
  1.726915;28.284557;-0.799075;,
  1.400575;28.265850;-1.210596;,
  1.571523;28.616294;-0.997326;,
  1.582575;28.667165;-0.989611;,
  1.593506;28.884717;-0.792180;,
  1.031710;29.484659;-0.237903;,
  1.448897;29.235347;-0.332046;,
  1.155505;29.400317;-0.518272;,
  1.225443;29.188006;-0.715215;,
  1.540377;29.011702;-0.553406;,
  1.258249;29.087613;-0.984902;,
  1.221607;28.791750;-1.301912;,
  1.370422;29.295754;-0.047622;,
  1.594157;28.888349;0.766655;,
  1.601661;28.958598;0.634785;,
  1.502503;29.026704;0.388604;,
  1.268006;29.287338;0.136390;,
  0.890723;29.482477;-0.092033;,
  0.660995;29.617645;-0.420152;,
  1.496445;29.108125;0.593612;,
  1.398854;29.190221;0.734881;,
  1.210951;29.384608;0.458983;,
  1.193240;29.374080;0.174154;,
  0.280660;29.675101;0.656837;,
  -0.290993;29.802467;0.195513;,
  -0.023046;29.644666;0.431711;,
  0.453610;29.795693;0.314080;,
  0.775271;29.600666;0.749711;,
  0.803243;29.680323;0.390413;,
  0.746011;29.623898;0.291875;,
  0.790230;29.641155;0.225188;,
  0.887255;29.568067;-0.021834;,
  0.467691;29.661178;-0.239392;,
  -0.479250;29.613549;-0.295146;,
  -0.493022;29.525773;-0.385257;,
  -0.755768;29.475446;-0.226220;,
  -0.170357;29.672845;-0.439289;,
  -0.198003;29.754342;-0.251698;,
  0.140734;29.696630;-0.380899;,
  0.093420;29.811843;-0.108935;,
  0.483770;29.770019;0.084086;,
  0.474520;29.694320;0.209707;,
  0.034507;29.789293;0.133561;,
  -0.718281;29.566051;0.053221;,
  -0.762426;29.564170;-0.061214;,
  -0.984562;29.463974;0.146872;,
  -0.321414;29.744448;-0.146150;,
  -0.299463;29.701126;0.039814;,
  0.047136;29.769040;0.092915;,
  0.083344;27.909744;1.800671;,
  -0.372339;27.750768;1.707944;,
  0.042267;27.634218;1.676772;,
  -0.342775;27.945590;1.727457;,
  -0.536517;28.054794;1.741160;,
  -0.166571;28.162586;1.724866;,
  -0.563565;28.161107;1.747898;,
  -0.245191;27.966822;1.667798;,
  0.164129;28.091626;1.766296;,
  0.465900;27.868461;1.783009;,
  0.385587;27.643152;1.673341;,
  0.160056;27.424102;1.578283;,
  0.268919;27.366822;1.497040;,
  0.426046;27.299242;1.628975;,
  0.241782;26.385122;1.416787;,
  0.384467;26.870093;1.600127;,
  0.173814;26.945987;1.359015;,
  0.095471;27.032131;1.559802;,
  -0.054051;26.680618;1.383995;,
  0.585772;26.851251;1.541286;,
  0.635803;26.424442;1.550428;,
  0.764662;26.425480;1.358357;,
  0.682033;25.861603;1.577053;,
  0.817769;25.852738;1.419492;,
  0.742486;25.419664;1.642345;,
  0.829181;25.389301;1.512221;,
  0.981114;24.944586;1.586943;,
  0.839497;25.051322;1.597733;,
  0.651145;25.480366;1.728226;,
  0.646828;25.289590;1.560798;,
  0.376730;25.844549;1.468102;,
  0.519634;25.868118;1.672503;,
  0.426992;26.415787;1.624097;,
  0.008606;29.440518;-1.074734;,
  -0.397461;29.400272;-1.073323;,
  0.008343;29.589107;-0.861255;,
  -1.066064;29.241370;-0.954162;,
  -0.512356;29.319930;-1.087470;,
  -0.566151;29.243638;-1.200201;,
  -0.189453;29.354173;-1.077284;,
  -0.108451;29.239510;-1.209051;,
  0.082255;29.360749;-1.257241;,
  0.208958;29.473030;-1.031464;,
  0.265940;29.671654;-0.644714;,
  0.674505;29.554403;-0.684466;,
  0.666922;29.394915;-0.905200;,
  0.657995;29.318682;-1.148061;,
  0.552141;28.899869;-1.560137;,
  1.191737;28.728067;-1.280959;,
  -0.106003;29.014883;-1.906462;,
  -0.203818;29.352784;-1.890249;,
  -0.071395;29.261392;-1.622201;,
  0.004444;28.974390;-1.709739;,
  0.026098;29.299715;-1.420378;,
  0.530900;28.837779;-1.511367;,
  1.091282;28.474979;-1.501155;,
  -0.075979;28.588950;-1.726340;,
  0.417124;28.572826;-1.712958;,
  0.987442;28.315018;-1.477856;,
  0.342182;28.431549;-1.677063;,
  1.373633;27.719693;1.166678;,
  1.197169;27.775741;1.299155;,
  1.219244;27.686221;1.274317;,
  0.543933;28.057040;1.694535;,
  0.262885;28.294214;1.818855;,
  0.910711;28.079843;1.582204;,
  0.800180;27.896598;1.692982;,
  1.151117;27.898954;1.491784;,
  0.947188;27.736582;1.444020;,
  1.047674;27.539539;1.392682;,
  1.142400;27.569530;1.295268;,
  1.277456;28.039344;1.351874;,
  1.334127;27.880499;1.276314;,
  1.456777;28.006291;1.161012;,
  1.457682;27.844333;1.107272;,
  1.515326;27.874982;1.094699;,
  1.592947;27.986752;1.025105;,
  1.481003;28.097133;1.027841;,
  1.312739;28.109974;1.274805;,
  1.207016;28.298864;1.376606;,
  1.406263;28.208374;1.201181;,
  0.695759;28.263114;1.685188;,
  0.821837;28.363738;1.555209;,
  0.342181;28.431549;1.682063;,
  -0.063046;28.644509;1.696255;,
  -0.097624;28.339456;1.831903;,
  -0.392192;28.405866;1.954442;,
  0.781929;27.256947;1.412498;,
  0.813764;26.841648;1.357087;,
  0.934623;27.240592;1.400869;,
  0.728045;26.863869;1.332961;,
  0.596885;27.275802;1.588643;,
  0.646100;27.548771;1.587517;,
  0.840215;27.547434;1.455372;,
  0.703671;27.693411;1.617068;,
  0.502241;27.550214;1.638128;,
  1.051745;27.225597;1.299719;,
  0.910705;26.840198;1.260500;,
  0.852575;26.397278;1.369544;,
  0.855100;26.025530;1.414258;,
  0.934047;26.005597;1.357445;,
  1.003897;25.599594;1.429663;,
  0.931658;26.385922;1.279249;,
  -0.133927;29.624218;-0.910960;,
  -0.358465;29.756278;-1.178919;,
  -0.239054;29.698509;-0.896534;,
  -0.075889;29.580310;-0.823084;,
  -0.100343;29.691082;-0.734335;,
  0.134677;29.712912;-0.494447;,
  1.261045;29.107597;0.856437;,
  1.239146;28.922838;0.934556;,
  1.495691;28.811872;0.882909;,
  0.395958;29.103459;1.355767;,
  0.599626;28.727507;1.533562;,
  0.744542;29.041312;1.264943;,
  1.079037;28.913866;1.141845;,
  0.807943;29.117088;1.100985;,
  1.426549;28.715171;0.942501;,
  1.583578;28.663888;0.871631;,
  1.520402;28.633386;0.886803;,
  0.983688;28.690570;1.399812;,
  1.400499;28.532115;1.137697;,
  1.480727;28.097187;1.025243;,
  1.460663;28.286349;1.105067;,
  1.406263;28.208374;1.201181;,
  1.566277;28.220826;0.935520;,
  1.472627;28.368493;1.052139;,
  1.290757;28.431619;1.273188;,
  0.832820;28.519818;1.466491;,
  0.412938;28.678099;1.584628;,
  1.207016;28.298864;1.376606;,
  0.821837;28.363738;1.555209;,
  0.342181;28.431549;1.682063;,
  -0.063046;28.644509;1.696255;,
  0.034446;28.871318;1.531751;,
  -0.083591;28.805834;1.745495;,
  -0.048589;28.991440;1.615674;,
  -0.119086;29.137574;1.674323;,
  -0.115672;29.271325;1.102611;,
  0.161763;29.245238;1.193077;,
  0.181565;29.361590;1.025072;,
  -0.075625;29.318435;1.226421;,
  0.071883;29.190496;1.388479;,
  -0.242737;29.341440;1.488152;,
  -0.145207;29.185501;1.609996;,
  0.465187;29.197939;1.156563;,
  1.145095;29.427091;0.728636;,
  1.029166;29.288829;0.858860;,
  0.863173;29.189606;0.921391;,
  0.540132;29.319174;0.942897;,
  0.675711;29.467805;0.946347;,
  0.282402;29.504579;0.955910;,
  0.067747;29.462864;1.103174;,
  -0.011300;29.344381;1.210951;,
  -0.144060;29.456944;1.423648;,
  -1.149653;29.491558;0.365064;,
  -0.692289;29.374234;0.785992;,
  -0.640790;29.553222;0.585859;,
  -0.160442;29.671114;0.694425;,
  -0.266249;29.471222;0.928596;,
  0.313930;29.667584;0.730402;,
  1.222778;29.405725;0.514507;,
  1.280175;17.059955;9.077402;,
  1.234972;17.225816;8.986838;,
  1.194668;17.049584;9.122641;,
  1.324891;17.073142;9.116633;,
  1.059402;17.924278;8.207968;,
  1.359164;17.688693;8.586657;,
  1.259932;17.909238;8.273388;,
  1.103931;17.596467;8.575422;,
  1.437352;17.521574;8.811300;,
  1.121228;17.400942;8.785694;,
  1.518600;17.322818;9.013062;,
  1.070283;17.179734;8.965759;,
  1.066467;17.035355;9.100418;,
  1.011957;17.011336;9.009209;,
  1.524811;17.767827;8.451672;,
  1.655032;17.573600;8.741651;,
  1.399294;17.984082;8.175702;,
  1.687501;17.817776;8.281594;,
  1.823098;17.573138;8.534815;,
  1.922390;17.545098;8.402771;,
  2.260045;17.163251;8.347015;,
  2.243518;17.413477;8.127404;,
  2.115014;17.345670;8.326874;,
  2.012232;17.560894;8.261346;,
  1.861974;17.735483;8.200954;,
  1.528079;18.036325;8.054430;,
  1.113990;18.329933;7.757934;,
  2.105436;17.592926;8.055358;,
  1.868222;17.817968;7.956092;,
  1.646296;17.997648;7.836501;,
  1.455323;18.303192;7.573414;,
  2.355932;17.215026;8.224308;,
  2.475935;16.959376;8.165512;,
  2.379780;17.140154;8.030942;,
  2.277913;17.309726;7.888686;,
  2.123183;17.463314;7.822854;,
  1.878379;17.649910;7.709567;,
  1.645499;17.859443;7.627815;,
  1.507969;18.126597;7.350774;,
  1.445383;17.657072;7.562757;,
  1.328299;17.983141;7.226806;,
  1.600604;17.509509;7.628438;,
  1.835220;17.360357;7.679572;,
  2.067241;17.221314;7.794251;,
  2.216261;17.168384;7.858208;,
  2.312543;17.036176;7.956054;,
  2.413044;16.909435;8.082494;,
  2.441480;16.834843;8.127560;,
  2.499446;16.892235;8.196778;,
  2.500548;16.907224;8.225197;,
  2.547755;16.754282;8.261021;,
  2.490296;16.706787;8.204924;,
  2.564414;16.518688;8.347311;,
  2.604429;16.599058;8.353720;,
  2.613345;16.460750;8.455719;,
  2.554480;16.792950;8.355977;,
  2.487757;16.956974;8.331626;,
  2.462113;17.020010;8.322267;,
  2.480762;16.967530;8.357361;,
  2.528486;16.833229;8.447166;,
  2.372799;17.023922;8.405854;,
  2.392089;16.973864;8.435026;,
  2.447004;16.831350;8.518078;,
  2.582998;16.673624;8.534197;,
  2.621820;16.643686;8.441810;,
  2.657806;16.505101;8.445948;,
  2.645029;16.485096;8.455129;,
  2.538146;16.624133;8.611805;,
  2.629369;16.542739;8.591212;,
  2.596777;16.525379;8.608196;,
  2.641690;16.559691;8.578351;,
  2.684916;16.516384;8.525607;,
  2.665040;16.491939;8.539704;,
  2.614179;16.474942;8.544234;,
  0.611763;18.041693;7.413959;,
  0.993142;17.528694;7.643791;,
  0.777058;17.733069;7.746837;,
  0.758611;17.952498;7.290103;,
  0.930995;17.359571;7.760399;,
  0.741120;17.566752;7.908714;,
  1.228246;17.610155;7.576033;,
  1.028594;17.933867;7.212962;,
  1.328299;17.983141;7.226806;,
  1.445383;17.657072;7.562757;,
  1.835220;17.360357;7.679572;,
  2.000825;17.120938;7.942019;,
  1.743278;17.224430;7.814118;,
  1.600604;17.509509;7.628438;,
  1.506337;17.352310;7.739171;,
  1.412525;17.398579;7.745973;,
  1.227787;17.372000;7.753373;,
  0.902711;17.176550;7.966579;,
  2.029675;17.068707;8.205732;,
  2.128236;17.073182;7.981506;,
  1.909626;17.104237;8.137586;,
  1.633773;17.184000;8.000725;,
  1.530878;17.198043;8.154238;,
  1.269794;17.225661;8.059395;,
  1.926967;17.148723;8.361051;,
  1.991189;17.195198;8.420080;,
  1.861351;17.152424;8.501047;,
  1.780026;17.144706;8.330912;,
  1.533912;17.140024;8.376829;,
  1.405112;17.111003;8.360030;,
