xof 0303txt 0032
template ColorRGBA {
 <35ff44e0-6c7c-11cf-8f52-0040333594a3>
 FLOAT red;
 FLOAT green;
 FLOAT blue;
 FLOAT alpha;
}

template ColorRGB {
 <d3e16e81-7835-11cf-8f52-0040333594a3>
 FLOAT red;
 FLOAT green;
 FLOAT blue;
}

template Material {
 <3d82ab4d-62da-11cf-ab39-0020af71e433>
 ColorRGBA faceColor;
 FLOAT power;
 ColorRGB specularColor;
 ColorRGB emissiveColor;
 [...]
}

template TextureFilename {
 <a42790e1-7810-11cf-8f52-0040333594a3>
 STRING filename;
}

template Frame {
 <3d82ab46-62da-11cf-ab39-0020af71e433>
 [...]
}

template Matrix4x4 {
 <f6f23f45-7686-11cf-8f52-0040333594a3>
 array FLOAT matrix[16];
}

template FrameTransformMatrix {
 <f6f23f41-7686-11cf-8f52-0040333594a3>
 Matrix4x4 frameMatrix;
}

template Vector {
 <3d82ab5e-62da-11cf-ab39-0020af71e433>
 FLOAT x;
 FLOAT y;
 FLOAT z;
}

template MeshFace {
 <3d82ab5f-62da-11cf-ab39-0020af71e433>
 DWORD nFaceVertexIndices;
 array DWORD faceVertexIndices[nFaceVertexIndices];
}

template Mesh {
 <3d82ab44-62da-11cf-ab39-0020af71e433>
 DWORD nVertices;
 array Vector vertices[nVertices];
 DWORD nFaces;
 array MeshFace faces[nFaces];
 [...]
}

template MeshNormals {
 <f6f23f43-7686-11cf-8f52-0040333594a3>
 DWORD nNormals;
 array Vector normals[nNormals];
 DWORD nFaceNormals;
 array MeshFace faceNormals[nFaceNormals];
}

template MeshMaterialList {
 <f6f23f42-7686-11cf-8f52-0040333594a3>
 DWORD nMaterials;
 DWORD nFaceIndexes;
 array DWORD faceIndexes[nFaceIndexes];
 [Material <3d82ab4d-62da-11cf-ab39-0020af71e433>]
}

template Coords2d {
 <f6f23f44-7686-11cf-8f52-0040333594a3>
 FLOAT u;
 FLOAT v;
}

template MeshTextureCoords {
 <f6f23f40-7686-11cf-8f52-0040333594a3>
 DWORD nTextureCoords;
 array Coords2d textureCoords[nTextureCoords];
}

template XSkinMeshHeader {
 <3cf169ce-ff7c-44ab-93c0-f78f62d172e2>
 WORD nMaxSkinWeightsPerVertex;
 WORD nMaxSkinWeightsPerFace;
 WORD nBones;
}

template SkinWeights {
 <6f0d123b-bad2-4167-a0d0-80224f25fabb>
 STRING transformNodeName;
 DWORD nWeights;
 array DWORD vertexIndices[nWeights];
 array FLOAT weights[nWeights];
 Matrix4x4 matrixOffset;
}

template AnimTicksPerSecond {
 <9e415a43-7ba6-4a73-8743-b73d47e88476>
 DWORD AnimTicksPerSecond;
}

template Animation {
 <3d82ab4f-62da-11cf-ab39-0020af71e433>
 [...]
}

template AnimationSet {
 <3d82ab50-62da-11cf-ab39-0020af71e433>
 [Animation <3d82ab4f-62da-11cf-ab39-0020af71e433>]
}

template FloatKeys {
 <10dd46a9-775b-11cf-8f52-0040333594a3>
 DWORD nValues;
 array FLOAT values[nValues];
}

template TimedFloatKeys {
 <f406b180-7b3b-11cf-8f52-0040333594a3>
 DWORD time;
 FloatKeys tfkeys;
}

template AnimationKey {
 <10dd46a8-775b-11cf-8f52-0040333594a3>
 DWORD keyType;
 DWORD nKeys;
 array TimedFloatKeys keys[nKeys];
}


Material Human_F_elviennue_Body_MI {
 1.000000;1.000000;1.000000;1.000000;;
 10.000000;
 0.000000;0.000000;0.000000;;
 0.000000;0.000000;0.000000;;

 TextureFilename {
  "Human_F_Aid_diff.tga";
 }
}

Material Human_F_elviennue_Face_MI {
 1.000000;1.000000;1.000000;1.000000;;
 10.000000;
 0.000000;0.000000;0.000000;;
 0.000000;0.000000;0.000000;;

 TextureFilename {
  "Human_F_Face00_diff.tga";
 }
}

Material Human_F_elviennue_Hair_MI {
 1.000000;1.000000;1.000000;1.000000;;
 10.000000;
 0.000000;0.000000;0.000000;;
 0.000000;0.000000;0.000000;;

 TextureFilename {
  "Human_F_Hair06_diff.tga";
 }
}

Frame Dummy_root {
 

 FrameTransformMatrix {
  1.000000,0.000000,0.000000,0.000000,0.000000,1.000000,0.000000,0.000000,0.000000,-0.000000,1.000000,0.000000,0.000000,23.000000,0.000000,1.000000;;
 }

 Frame FxBottom {
  

  FrameTransformMatrix {
   1.000000,0.000000,0.000000,0.000000,0.000000,1.000000,0.000000,0.000000,0.000000,-0.000000,1.000000,0.000000,0.203602,-23.000000,-0.056760,1.000000;;
  }
 }

 Frame Bip01 {
  

  FrameTransformMatrix {
   0.991910,-0.057612,0.113120,0.000000,0.064941,0.995948,-0.062215,0.000000,-0.109077,0.069058,0.991632,0.000000,0.008840,0.145941,-0.056760,1.000000;;
  }

  Frame Bip01-Pelvis {
   

   FrameTransformMatrix {
    0.000000,1.000000,-0.000347,0.000000,-0.000001,0.000347,1.000000,0.000000,1.000000,0.000000,0.000001,0.000000,0.000000,0.000000,0.000000,1.000000;;
   }

   Frame Bip01-Spine {
    

    FrameTransformMatrix {
     0.999288,0.021740,0.030857,0.000000,-0.021633,0.999759,-0.003792,0.000000,-0.030932,0.003122,0.999517,0.000000,2.358105,0.000818,0.001048,1.000000;;
    }

    Frame Bip01-Spine1 {
     

     FrameTransformMatrix {
      0.999661,0.014256,0.021793,0.000000,-0.014164,0.999890,-0.004370,0.000000,-0.021853,0.004060,0.999753,0.000000,0.209255,-0.000011,-0.002769,1.000000;;
     }

     Frame Bip01-Spine2 {
      

      FrameTransformMatrix {
       0.989620,0.013736,-0.143048,0.000000,-0.014412,0.999889,-0.003690,0.000000,0.142982,0.005713,0.989709,0.000000,3.478296,-0.000006,-0.001148,1.000000;;
      }

      Frame Bip01-Spine3 {
       

       FrameTransformMatrix {
        0.994314,0.013078,-0.105677,0.000000,-0.013711,0.999892,-0.005259,0.000000,0.105597,0.006678,0.994387,0.000000,1.456709,-0.000029,-0.004299,1.000000;;
       }

       Frame Bip01-Neck {
        

        FrameTransformMatrix {
         0.978037,0.045350,0.203439,0.000000,-0.039886,0.998727,-0.030881,0.000000,-0.204581,0.022088,0.978601,0.000000,5.540550,-0.000045,-0.693557,1.000000;;
        }

        Frame Bip01-Head {
         

         FrameTransformMatrix {
          0.993360,-0.048193,0.104473,0.000000,0.049032,0.998782,-0.005477,0.000000,-0.104082,0.010563,0.994513,0.000000,2.474255,0.000000,0.000000,1.000000;;
         }

         Frame Bip01-HeadNub {
          

          FrameTransformMatrix {
           1.000000,0.000000,0.000000,0.000000,-0.000000,1.000000,0.000000,0.000000,0.000000,-0.000000,1.000000,0.000000,4.628929,0.000000,-0.000000,1.000000;;
          }
         }

         Frame FxTop {
          

          FrameTransformMatrix {
           0.169875,-0.156833,0.972906,0.000000,0.985353,0.012048,-0.170106,0.000000,0.014957,0.987552,0.156583,0.000000,4.500019,-0.000003,-0.000000,1.000000;;
          }
         }

         Frame Dummy_Hair {
          

          FrameTransformMatrix {
           1.000000,-0.000000,-0.000003,0.000000,0.000000,1.000000,0.000001,0.000000,0.000003,-0.000001,1.000000,0.000000,0.000000,0.000000,0.000000,1.000000;;
          }

          Frame Hair_RF_00 {
           

           FrameTransformMatrix {
            -0.818810,-0.249540,0.516991,0.000000,0.466936,0.234381,0.852664,0.000000,-0.333946,0.939572,-0.075395,0.000000,0.990444,-1.612361,-0.602474,1.000000;;
           }
          }

          Frame Hair_LF_00 {
           

           FrameTransformMatrix {
            -0.844341,-0.164357,0.509977,0.000000,-0.532584,0.153199,-0.832397,0.000000,0.058682,-0.974432,-0.216886,0.000000,0.990452,1.612592,-0.602482,1.000000;;
           }
          }

          Frame Hair_FL_00 {
           

           FrameTransformMatrix {
            -0.975530,0.219865,0.000470,0.000000,0.075917,0.338847,-0.937774,0.000000,-0.206343,-0.914791,-0.347247,0.000000,3.277584,1.337700,1.058946,1.000000;;
           }
          }

          Frame Hair_FR_00 {
           

           FrameTransformMatrix {
            -0.983162,-0.182724,-0.002264,0.000000,-0.104454,0.551771,0.827429,0.000000,-0.149942,0.813733,-0.561566,0.000000,3.402351,-1.370771,1.283677,1.000000;;
           }
          }

          Frame Hair_Neck_00 {
           

           FrameTransformMatrix {
            0.999958,-0.000000,0.009209,0.000000,-0.000000,1.000000,0.000001,0.000000,-0.009209,-0.000001,0.999958,0.000000,-2.474148,-0.000000,-0.022786,1.000000;;
           }
          }
         }
        }

        Frame Bip01-L-Clavicle {
         

         FrameTransformMatrix {
          -0.215186,0.976384,-0.019225,0.000000,0.954247,0.206040,-0.216705,0.000000,-0.207626,-0.064977,-0.976048,0.000000,-0.709427,0.989684,0.043041,1.000000;;
         }

         Frame Bip01-L-UpperArm {
          

          FrameTransformMatrix {
           0.485962,-0.736234,0.470957,0.000000,0.335481,-0.340446,-0.878379,0.000000,0.807028,0.584855,0.081548,0.000000,2.305932,0.000004,0.000001,1.000000;;
          }

          Frame Bip01-L-Forearm {
           

           FrameTransformMatrix {
            0.575978,0.000000,-0.817465,0.000000,0.000000,1.000000,0.000000,0.000000,0.817465,-0.000000,0.575978,0.000000,6.131230,-0.000001,0.000002,1.000000;;
           }

           Frame Bip01-L-Hand {
            

            FrameTransformMatrix {
             0.997690,0.017868,0.065536,0.000000,-0.064134,-0.070180,0.995470,0.000000,0.022387,-0.997374,-0.068872,0.000000,6.144240,-0.000002,-0.000001,1.000000;;
            }

            Frame Bip01-L-Finger0 {
             

             FrameTransformMatrix {
              0.870834,-0.346886,0.348308,0.000000,0.290780,-0.207796,-0.933953,0.000000,0.396352,0.914598,-0.080088,0.000000,0.434917,-0.682997,0.268098,1.000000;;
             }

             Frame Bip01-L-Finger01 {
              

              FrameTransformMatrix {
               0.985852,-0.000000,0.167618,0.000000,-0.000000,1.000000,-0.000000,0.000000,-0.167618,-0.000000,0.985852,0.000000,1.065220,0.000001,0.000000,1.000000;;
              }

              Frame Bip01-L-Finger02 {
               

               FrameTransformMatrix {
                0.950838,0.000000,0.309690,0.000000,-0.000000,1.000000,-0.000000,0.000000,-0.309690,0.000000,0.950838,0.000000,0.739168,-0.000001,0.000001,1.000000;;
               }

               Frame Bip01-L-Finger0Nub {
                

                FrameTransformMatrix {
                 1.000000,-0.000000,0.000000,0.000000,0.000000,1.000000,-0.000000,0.000000,0.000000,0.000000,1.000000,0.000000,0.862505,0.000001,0.000000,1.000000;;
                }
               }
              }
             }
            }

            Frame Bip01-L-Finger1 {
             

             FrameTransformMatrix {
              0.810444,0.093746,0.578266,0.000000,0.152101,0.919587,-0.362250,0.000000,-0.565726,0.381538,0.731015,0.000000,2.099615,-0.861757,-0.077602,1.000000;;
             }

             Frame Bip01-L-Finger11 {
              

              FrameTransformMatrix {
               0.877627,-0.000000,0.479344,0.000000,-0.000000,1.000000,-0.000000,0.000000,-0.479344,-0.000000,0.877627,0.000000,1.331190,0.000001,0.000001,1.000000;;
              }

              Frame Bip01-L-Finger12 {
               

               FrameTransformMatrix {
                0.932921,0.000000,0.360082,0.000000,-0.000000,1.000000,0.000000,0.000000,-0.360082,0.000000,0.932921,0.000000,0.723096,-0.000001,0.000000,1.000000;;
               }

               Frame Bip01-L-Finger1Nub {
                

                FrameTransformMatrix {
                 1.000000,-0.000000,0.000000,0.000000,-0.000000,1.000000,-0.000000,0.000000,-0.000000,0.000000,1.000000,0.000000,0.679666,0.000000,-0.000003,1.000000;;
                }
               }
              }
             }
            }

            Frame Bip01-L-Finger2 {
             

             FrameTransformMatrix {
              0.853583,0.057015,0.517827,0.000000,0.139210,0.932884,-0.332187,0.000000,-0.502012,0.355636,0.788357,0.000000,2.183006,-0.282865,-0.116785,1.000000;;
             }

             Frame Bip01-L-Finger21 {
              

              FrameTransformMatrix {
               0.460723,0.000000,0.887544,0.000000,0.000000,1.000000,-0.000000,0.000000,-0.887544,0.000000,0.460723,0.000000,1.406759,0.000001,0.000001,1.000000;;
              }

              Frame Bip01-L-Finger22 {
               

               FrameTransformMatrix {
                0.732574,-0.000000,0.680687,0.000000,0.000000,1.000000,0.000000,0.000000,-0.680687,0.000000,0.732574,0.000000,0.840507,-0.000002,0.000002,1.000000;;
               }

               Frame Bip01-L-Finger2Nub {
                

                FrameTransformMatrix {
                 1.000000,0.000000,-0.000000,0.000000,0.000000,1.000000,0.000000,0.000000,0.000000,-0.000000,1.000000,0.000000,0.664879,0.000001,-0.000000,1.000000;;
                }
               }
              }
             }
            }

            Frame Bip01-L-Finger3 {
             

             FrameTransformMatrix {
              0.942124,0.077539,0.326176,0.000000,-0.005903,0.976573,-0.215103,0.000000,-0.335214,0.200728,0.920511,0.000000,2.076628,0.186863,-0.130333,1.000000;;
             }

             Frame Bip01-L-Finger31 {
              

              FrameTransformMatrix {
               0.384784,0.000000,0.923007,0.000000,0.000000,1.000000,-0.000000,0.000000,-0.923007,-0.000000,0.384784,0.000000,1.365459,0.000001,0.000000,1.000000;;
              }

              Frame Bip01-L-Finger32 {
               

               FrameTransformMatrix {
                0.940708,-0.000000,0.339217,0.000000,0.000000,1.000000,0.000000,0.000000,-0.339217,0.000000,0.940709,0.000000,0.768668,-0.000001,0.000002,1.000000;;
               }

               Frame Bip01-L-Finger3Nub {
                

                FrameTransformMatrix {
                 1.000000,-0.000000,-0.000000,0.000000,-0.000000,1.000000,-0.000000,0.000000,0.000000,0.000000,1.000000,0.000000,0.649356,0.000001,0.000001,1.000000;;
                }
               }
              }
             }
            }

            Frame Bip01-L-Finger4 {
             

             FrameTransformMatrix {
              0.949487,-0.004504,-0.313774,0.000000,-0.021118,0.996713,-0.078212,0.000000,0.313095,0.080888,0.946271,0.000000,1.885687,0.691058,0.070848,1.000000;;
             }

             Frame Bip01-L-Finger41 {
              

              FrameTransformMatrix {
               0.464371,0.000000,0.885641,0.000000,0.000000,1.000000,0.000000,0.000000,-0.885641,0.000000,0.464371,0.000000,1.108315,-0.000002,0.000000,1.000000;;
              }

              Frame Bip01-L-Finger42 {
               

               FrameTransformMatrix {
                0.615162,-0.000000,0.788401,0.000000,-0.000000,1.000000,0.000000,0.000000,-0.788401,-0.000000,0.615162,0.000000,0.520341,0.000001,0.000000,1.000000;;
               }

               Frame Bip01-L-Finger4Nub {
                

                FrameTransformMatrix {
                 1.000000,-0.000000,0.000000,0.000000,0.000000,1.000000,0.000000,0.000000,0.000000,-0.000000,1.000000,0.000000,0.515339,0.000000,-0.000002,1.000000;;
                }
               }
              }
             }
            }

            Frame FxHand00 {
             

             FrameTransformMatrix {
              0.022762,-0.584396,-0.811150,0.000000,-0.836211,-0.455817,0.304930,0.000000,-0.547936,0.671351,-0.499053,0.000000,1.500002,0.500002,1.999999,1.000000;;
             }
            }

            Frame L_Sword {
             

             FrameTransformMatrix {
              0.008771,-0.477464,-0.878608,0.000000,-0.797255,-0.533689,0.282065,0.000000,-0.603579,0.698000,-0.385341,0.000000,0.000000,0.000000,0.000003,1.000000;;
             }
            }
           }

           Frame L_Elbow {
            

            FrameTransformMatrix {
             0.887688,-0.000000,0.460446,0.000000,0.000000,1.000000,-0.000000,0.000000,-0.460446,0.000000,0.887688,0.000000,0.000000,0.000000,0.000000,1.000000;;
            }
           }

           Frame L_Shield {
            

            FrameTransformMatrix {
             1.000000,-0.000000,-0.000000,0.000000,-0.000000,1.000000,0.000000,0.000000,0.000000,-0.000000,1.000000,0.000000,2.500002,2.500000,0.000000,1.000000;;
            }
           }

           Frame Bip01-L-ForeTwist {
            

            FrameTransformMatrix {
             1.000000,-0.000000,0.000000,0.000000,0.000000,0.999381,0.035184,0.000000,0.000000,-0.035184,0.999381,0.000000,0.000000,0.000000,0.000000,1.000000;;
            }
           }
          }

          Frame L_Shoulder {
           

           FrameTransformMatrix {
            0.860790,0.242519,0.447466,0.000000,-0.454603,-0.028975,0.890223,0.000000,0.228861,-0.969714,0.085309,0.000000,0.000002,-0.000002,0.000002,1.000000;;
           }
          }

          Frame L_Shoulder_Twist {
           

           FrameTransformMatrix {
            1.000000,-0.000000,-0.000001,0.000000,0.000001,0.658315,0.752743,0.000000,0.000000,-0.752742,0.658315,0.000000,0.000000,0.000001,0.000000,1.000000;;
           }
          }
         }

         Frame Acc_Muffler_00 {
          

          FrameTransformMatrix {
           0.237032,-0.834348,0.497675,0.000000,-0.971181,-0.216663,0.099319,0.000000,0.024961,-0.506874,-0.861659,0.000000,2.775661,0.689602,2.655350,1.000000;;
          }

          Frame Acc_Muffler_01 {
           

           FrameTransformMatrix {
            0.931472,-0.016232,0.363451,0.000000,0.016748,0.999858,0.001733,0.000000,-0.363428,0.004472,0.931612,0.000000,5.488072,-0.000000,0.000006,1.000000;;
           }

           Frame Acc_Muffler_02 {
            

            FrameTransformMatrix {
             1.000000,0.000718,-0.000428,0.000000,-0.000736,0.999003,-0.044647,0.000000,0.000396,0.044647,0.999003,0.000000,5.630510,-0.000000,0.000000,1.000000;;
            }

            Frame Acc_Muffler_03 {
             

             FrameTransformMatrix {
              0.999999,-0.000922,-0.000358,0.000000,0.000904,0.998909,-0.046687,0.000000,0.000401,0.046687,0.998909,0.000000,5.811176,-0.000000,-0.000002,1.000000;;
             }

             Frame Acc_Muffler_04 {
              

              FrameTransformMatrix {
               0.999999,-0.001659,-0.000102,0.000000,0.001653,0.998961,-0.045541,0.000000,0.000177,0.045541,0.998963,0.000000,5.496399,-0.000000,0.010564,1.000000;;
              }

              Frame Acc_Muffler_05 {
               

               FrameTransformMatrix {
                0.999989,-0.004621,0.000745,0.000000,0.004648,0.999121,-0.041669,0.000000,-0.000552,0.041672,0.999131,0.000000,5.707669,0.000000,0.000000,1.000000;;
               }
              }
             }
            }
           }
          }
         }
        }

        Frame Bip01-R-Clavicle {
         

         FrameTransformMatrix {
          -0.262136,-0.963745,-0.049801,0.000000,-0.944015,0.245375,0.220514,0.000000,-0.200299,0.104818,-0.974112,0.000000,-0.796246,-0.922197,0.000761,1.000000;;
         }

         Frame Bip01-R-UpperArm {
          

          FrameTransformMatrix {
           0.269842,0.844932,0.461817,0.000000,-0.303301,-0.380612,0.873581,0.000000,0.913889,-0.375799,0.153564,0.000000,2.305929,0.000000,0.000000,1.000000;;
          }

          Frame Bip01-R-Forearm {
           

           FrameTransformMatrix {
            0.880064,-0.000000,-0.474855,0.000000,0.000000,1.000000,0.000000,0.000000,0.474855,-0.000000,0.880064,0.000000,6.131233,0.000000,-0.000001,1.000000;;
           }

           Frame Bip01-R-Hand {
            

            FrameTransformMatrix {
             0.944379,0.150168,-0.292573,0.000000,-0.269220,0.863956,-0.425559,0.000000,0.188865,0.480655,0.856330,0.000000,6.144238,0.000001,0.000000,1.000000;;
            }

            Frame Bip01-R-Finger0 {
             

             FrameTransformMatrix {
              0.803010,0.401989,0.439978,0.000000,-0.371541,-0.239558,0.896978,0.000000,0.465976,-0.883752,-0.043011,0.000000,0.434917,0.682993,0.268095,1.000000;;
             }

             Frame Bip01-R-Finger01 {
              

              FrameTransformMatrix {
               0.965198,-0.000000,0.261520,0.000000,0.000000,1.000000,0.000000,0.000000,-0.261520,-0.000000,0.965198,0.000000,1.065219,0.000000,0.000004,1.000000;;
              }

              Frame Bip01-R-Finger02 {
               

               FrameTransformMatrix {
                0.807277,0.000000,0.590174,0.000000,-0.000000,1.000000,-0.000000,0.000000,-0.590173,0.000000,0.807277,0.000000,0.739167,-0.000001,-0.000002,1.000000;;
               }

               Frame Bip01-R-Finger0Nub {
                

                FrameTransformMatrix {
                 -1.000000,0.000000,0.000691,0.000000,0.000000,1.000000,-0.000000,0.000000,-0.000691,-0.000000,-1.000000,0.000000,0.862499,-0.000000,0.000002,1.000000;;
                }
               }
              }
             }
            }

            Frame Bip01-R-Finger1 {
             

             FrameTransformMatrix {
              0.873213,-0.107858,0.475254,0.000000,-0.052774,0.948538,0.312234,0.000000,-0.484474,-0.297728,0.822584,0.000000,2.099614,0.861755,-0.077602,1.000000;;
             }

             Frame Bip01-R-Finger11 {
              

              FrameTransformMatrix {
               0.860055,0.000000,0.510201,0.000000,0.000000,1.000000,-0.000000,0.000000,-0.510201,0.000000,0.860055,0.000000,1.331188,0.000002,-0.000000,1.000000;;
              }

              Frame Bip01-R-Finger12 {
               

               FrameTransformMatrix {
                0.932921,0.000000,0.360082,0.000000,0.000000,1.000000,-0.000000,0.000000,-0.360082,0.000000,0.932921,0.000000,0.723099,-0.000004,-0.000001,1.000000;;
               }

               Frame Bip01-R-Finger1Nub {
                

                FrameTransformMatrix {
                 -1.000000,0.000000,-0.000690,0.000000,0.000000,1.000000,0.000000,0.000000,0.000690,-0.000000,-1.000000,0.000000,0.679666,0.000000,-0.000002,1.000000;;
                }
               }
              }
             }
            }

            Frame Bip01-R-Finger2 {
             

             FrameTransformMatrix {
              0.868293,-0.043924,0.494103,0.000000,-0.025979,0.990679,0.133720,0.000000,-0.495370,-0.128945,0.859059,0.000000,2.183003,0.282862,-0.116787,1.000000;;
             }

             Frame Bip01-R-Finger21 {
              

              FrameTransformMatrix {
               0.773529,-0.000000,0.633761,0.000000,0.000000,1.000000,0.000000,0.000000,-0.633761,-0.000000,0.773529,0.000000,1.406758,0.000004,0.000000,1.000000;;
              }

              Frame Bip01-R-Finger22 {
               

               FrameTransformMatrix {
                0.981120,-0.000000,0.193398,0.000000,0.000000,1.000000,-0.000000,0.000000,-0.193398,0.000000,0.981121,0.000000,0.840507,0.000000,0.000001,1.000000;;
               }

               Frame Bip01-R-Finger2Nub {
                

                FrameTransformMatrix {
                 -1.000000,-0.000000,-0.000690,0.000000,-0.000000,1.000000,0.000000,0.000000,0.000690,0.000000,-1.000000,0.000000,0.664880,0.000000,-0.000002,1.000000;;
                }
               }
              }
             }
            }

            Frame Bip01-R-Finger3 {
             

             FrameTransformMatrix {
              0.892076,-0.072086,0.446099,0.000000,0.124648,0.988149,-0.089585,0.000000,-0.434354,0.135521,0.890489,0.000000,2.076622,-0.186863,-0.130331,1.000000;;
             }

             Frame Bip01-R-Finger31 {
              

              FrameTransformMatrix {
               0.737037,-0.000000,0.675852,0.000000,0.000000,1.000000,0.000000,0.000000,-0.675852,0.000000,0.737037,0.000000,1.365459,0.000002,0.000000,1.000000;;
              }

              Frame Bip01-R-Finger32 {
               

               FrameTransformMatrix {
                0.978941,0.000000,0.204143,0.000000,0.000000,1.000000,0.000000,0.000000,-0.204143,-0.000000,0.978941,0.000000,0.768666,-0.000001,0.000000,1.000000;;
               }

               Frame Bip01-R-Finger3Nub {
                

                FrameTransformMatrix {
                 -1.000000,-0.000000,0.000691,0.000000,-0.000000,1.000000,0.000000,0.000000,-0.000691,0.000000,-1.000000,0.000000,0.649357,-0.000001,-0.000001,1.000000;;
                }
               }
              }
             }
            }

            Frame Bip01-R-Finger4 {
             

             FrameTransformMatrix {
              0.900548,0.001059,0.434755,0.000000,0.070221,0.986513,-0.147858,0.000000,-0.429048,0.163682,0.888328,0.000000,1.885679,-0.691067,0.070847,1.000000;;
             }

             Frame Bip01-R-Finger41 {
              

              FrameTransformMatrix {
               0.763512,-0.000000,0.645794,0.000000,0.000000,1.000000,-0.000000,0.000000,-0.645794,0.000000,0.763512,0.000000,1.108320,0.000000,0.000000,1.000000;;
              }

              Frame Bip01-R-Finger42 {
               

               FrameTransformMatrix {
                0.944870,-0.000000,0.327445,0.000000,0.000000,1.000000,0.000000,0.000000,-0.327445,0.000000,0.944871,0.000000,0.520342,0.000000,-0.000001,1.000000;;
               }

               Frame Bip01-R-Finger4Nub {
                

                FrameTransformMatrix {
                 -1.000000,0.000000,0.000691,0.000000,-0.000000,1.000000,0.000000,0.000000,-0.000691,-0.000000,-1.000000,0.000000,0.515339,0.000001,-0.000001,1.000000;;
                }
               }
              }
             }
            }

            Frame FxHand01 {
             

             FrameTransformMatrix {
              -0.283411,-0.634085,-0.719454,0.000000,-0.700916,0.648983,-0.295867,0.000000,0.654519,0.420425,-0.628369,0.000000,1.499999,-0.500000,2.000000,1.000000;;
             }
            }

            Frame R_Sword {
             

             FrameTransformMatrix {
              -0.166698,-0.618785,-0.767669,0.000000,-0.757201,0.579019,-0.302297,0.000000,0.631552,0.530888,-0.565066,0.000000,0.000000,0.000000,0.000001,1.000000;;
             }
            }
           }

           Frame R_Elbow {
            

            FrameTransformMatrix {
             0.969553,-0.000000,0.244884,0.000000,0.000000,1.000000,0.000000,0.000000,-0.244884,-0.000000,0.969553,0.000000,0.000000,0.000000,0.000001,1.000000;;
            }
           }

           Frame Bip01-R-ForeTwist {
            

            FrameTransformMatrix {
             1.000000,0.000000,0.000000,0.000000,-0.000000,0.849080,0.528264,0.000000,0.000000,-0.528264,0.849080,0.000000,0.000000,0.000000,0.000000,1.000000;;
            }
           }
          }

          Frame R_Shoulder {
           

           FrameTransformMatrix {
            0.794941,-0.255002,0.550494,0.000000,0.561853,-0.032896,-0.826583,0.000000,0.228889,0.966381,0.117123,0.000000,0.000000,-0.000001,0.000000,1.000000;;
           }
          }

          Frame R_Shoulder_Twist {
           

           FrameTransformMatrix {
            1.000000,0.000000,-0.000000,0.000000,-0.000000,0.667766,-0.744372,0.000000,-0.000000,0.744372,0.667766,0.000000,0.000000,-0.000002,0.000000,1.000000;;
           }
          }
         }
        }

        Frame Dummy_Neck {
         

         FrameTransformMatrix {
          1.000000,0.000000,0.000000,0.000000,-0.000000,1.000000,-0.000004,0.000000,0.000000,0.000004,1.000000,0.000000,0.000038,0.000000,-0.000004,1.000000;;
         }

         Frame Dummy_Face {
          

          FrameTransformMatrix {
           0.993359,-0.048193,0.104473,0.000000,0.049032,0.998782,-0.005473,0.000000,-0.104082,0.010559,0.994513,0.000000,2.474262,0.000000,0.000000,1.000000;;
          }

          Frame Facial_Eyebrow_R {
           

           FrameTransformMatrix {
            -0.444340,-0.702900,0.555422,0.000000,0.175263,-0.676214,-0.715554,0.000000,0.878547,-0.220605,0.423661,0.000000,2.031673,-0.408017,1.057061,1.000000;;
           }
          }

          Frame Facial_Nose_L {
           

           FrameTransformMatrix {
            0.049860,-0.014747,0.998648,0.000000,0.026273,-0.999526,-0.016072,0.000000,0.998411,0.027038,-0.049449,0.000000,0.803520,0.366000,1.513910,1.000000;;
           }
          }

          Frame Facial_Nose_R {
           

           FrameTransformMatrix {
            0.053592,0.013443,0.998473,0.000000,0.021826,0.999655,-0.014630,0.000000,-0.998325,0.022577,0.053280,0.000000,0.803509,-0.365928,1.513911,1.000000;;
           }
          }

          Frame Facial_Glabella_L {
           

           FrameTransformMatrix {
            0.081966,0.163231,0.983177,0.000000,0.618062,-0.782216,0.078340,0.000000,0.781844,0.601243,-0.165002,0.000000,1.899105,0.118149,1.417040,1.000000;;
           }
          }

          Frame Facial_Ridge_L {
           

           FrameTransformMatrix {
            -0.133832,0.097497,0.986197,0.000000,-0.201761,-0.976987,0.069206,0.000000,0.970248,-0.189714,0.150423,0.000000,1.489704,0.215567,1.365840,1.000000;;
           }
          }

          Frame Facial_Glabella_R {
           

           FrameTransformMatrix {
            0.077213,-0.147550,0.986036,0.000000,-0.638685,-0.766741,-0.064722,0.000000,0.765585,-0.624769,-0.153440,0.000000,1.898987,-0.118610,1.417010,1.000000;;
           }
          }

          Frame Facial_Cheek_R {
           

           FrameTransformMatrix {
            0.067659,-0.723675,0.686817,0.000000,0.104621,0.689745,0.716454,0.000000,-0.992208,0.023381,0.122379,0.000000,0.892204,-0.496913,1.161361,1.000000;;
           }
          }

          Frame Facial_Ridge_R {
           

           FrameTransformMatrix {
            -0.133753,-0.097481,0.986209,0.000000,0.201770,-0.976985,-0.069205,0.000000,0.970257,0.189731,0.150343,0.000000,1.489723,-0.215869,1.365852,1.000000;;
           }
          }

          Frame Facial_Cheek_L {
           

           FrameTransformMatrix {
            0.067689,0.723905,0.686571,0.000000,0.104587,-0.689507,0.716688,0.000000,0.992210,0.023294,-0.122383,0.000000,0.892220,0.496604,1.161331,1.000000;;
           }
          }

          Frame Facial_Eyebrow_L {
           

           FrameTransformMatrix {
            -0.480608,0.670103,0.565666,0.000000,-0.139047,-0.695120,0.705319,0.000000,0.865842,0.260328,0.427256,0.000000,2.031677,0.408236,1.057050,1.000000;;
           }
          }

          Frame Facial_Dum_Eye_L {
           

           FrameTransformMatrix {
            1.000000,0.000000,0.000000,0.000000,0.000000,1.000000,0.000000,0.000000,0.000000,-0.000000,1.000000,0.000000,1.548916,0.639000,1.529740,1.000000;;
           }

           Frame Facial_Eyelid_Upper_L {
            

            FrameTransformMatrix {
             0.293206,0.183395,0.938294,0.000000,0.023591,-0.982518,0.184667,0.000000,0.955758,-0.032010,-0.292407,0.000000,0.000000,0.000000,0.000000,1.000000;;
            }
           }

           Frame Facial_Eye_L {
            

            FrameTransformMatrix {
             0.125783,0.176413,0.976246,0.000000,0.028200,-0.984300,0.174235,0.000000,0.991657,0.005614,-0.128783,0.000000,0.000000,0.000000,0.000000,1.000000;;
            }
           }

           Frame Facial_Eyelid_Lower_L {
            

            FrameTransformMatrix {
             -0.107679,0.177942,0.978132,0.000000,0.038940,-0.982343,0.182995,0.000000,0.993423,0.057793,0.098848,0.000000,0.033890,0.000000,-0.003530,1.000000;;
            }
           }
          }

          Frame Facial_Dum_Eye_R {
           

           FrameTransformMatrix {
            1.000000,0.000000,0.000000,0.000000,0.000000,1.000000,0.000000,0.000000,0.000000,-0.000000,1.000000,0.000000,1.548927,-0.638829,1.529740,1.000000;;
           }

           Frame Facial_Eyelid_Upper_R {
            

            FrameTransformMatrix {
             0.293218,-0.183395,0.938291,0.000000,-0.023592,-0.982518,-0.184667,0.000000,0.955755,0.032011,-0.292418,0.000000,0.000000,-0.000000,0.000001,1.000000;;
            }
           }

           Frame Facial_Eye_R {
            

            FrameTransformMatrix {
             0.125753,-0.176451,0.976243,0.000000,-0.028216,-0.984293,-0.174271,0.000000,0.991660,-0.005631,-0.128757,0.000000,0.000000,0.000000,0.000000,1.000000;;
            }
           }

           Frame Facial_Eyelid_Lower_R {
            

            FrameTransformMatrix {
             -0.107686,-0.177939,0.978132,0.000000,-0.038938,-0.982343,-0.182992,0.000000,0.993422,-0.057792,0.098856,0.000000,0.033890,0.000000,-0.003531,1.000000;;
            }
           }
          }

          Frame Facial_Dum_Nose {
           

           FrameTransformMatrix {
            1.000000,0.000000,0.000000,0.000000,0.000000,1.000000,0.000000,0.000000,0.000000,-0.000000,1.000000,0.000000,0.892174,-0.000004,2.452540,1.000000;;
           }
          }

          Frame Facial_Dum_Jaw {
           

           FrameTransformMatrix {
            1.000000,0.000000,0.000000,0.000000,0.000000,1.000000,0.000000,0.000000,0.000000,-0.000000,1.000000,0.000000,0.821266,-0.000002,0.479166,1.000000;;
           }

           Frame Facial_Jaw {
            

            FrameTransformMatrix {
             -0.477879,0.000727,0.878425,0.000000,-0.000726,-1.000000,0.000433,0.000000,0.878426,-0.000431,0.477879,0.000000,-0.376541,0.000006,-0.156890,1.000000;;
            }

            Frame Facial_Dum_Lowerlip {
             

             FrameTransformMatrix {
              1.000000,0.000000,0.000000,0.000000,0.000000,1.000000,0.000000,0.000000,0.000000,-0.000000,1.000000,0.000000,1.345398,0.000003,0.231146,1.000000;;
             }

             Frame Facial_Lip_Lower_L {
              

              FrameTransformMatrix {
               0.850305,-0.202610,0.485727,0.000000,0.144618,0.977349,0.154512,0.000000,-0.506031,-0.061137,0.860346,0.000000,-0.042803,-0.118168,0.046715,1.000000;;
              }
             }

             Frame Facial_Lip_Lower_C {
              

              FrameTransformMatrix {
               0.779637,0.000229,0.626232,0.000000,-0.000229,-1.000000,0.000651,0.000000,0.626232,-0.000651,-0.779636,0.000000,-0.132673,0.000030,-0.166136,1.000000;;
              }
             }

             Frame Facial_Lip_Lower_R {
              

              FrameTransformMatrix {
               0.850462,0.201853,0.485766,0.000000,0.146620,-0.977812,0.149618,0.000000,0.505189,-0.056021,-0.861188,0.000000,-0.042843,0.118671,0.046736,1.000000;;
              }
             }
            }
           }
          }

          Frame Facial_Dum_Upperlip {
           

           FrameTransformMatrix {
            1.000000,0.000000,0.000000,0.000000,0.000000,1.000000,0.000000,0.000000,0.000000,-0.000000,1.000000,0.000000,0.400879,0.000000,1.894980,1.000000;;
           }

           Frame Facial_Lip_Out_L {
            

            FrameTransformMatrix {
             -0.045762,0.330995,0.942522,0.000000,0.098109,-0.937460,0.333981,0.000000,0.994123,0.107753,0.010426,0.000000,-0.229126,0.200003,-0.348885,1.000000;;
            }
           }

           Frame Facial_Lip_Upper_L {
            

            FrameTransformMatrix {
             -0.275275,0.187851,0.942834,0.000000,0.098545,-0.970044,0.222045,0.000000,0.956302,0.154035,0.248517,0.000000,0.036781,0.148756,-0.225127,1.000000;;
            }
           }

           Frame Facial_Lip_Upper_C {
            

            FrameTransformMatrix {
             -0.042485,0.003282,0.999092,0.000000,-0.000172,-0.999995,0.003278,0.000000,0.999097,-0.000032,0.042486,0.000000,-0.065346,0.002999,-0.456366,1.000000;;
            }
           }

           Frame Facial_Lip_Upper_R {
            

            FrameTransformMatrix {
             -0.275289,-0.187582,0.942883,0.000000,0.093614,0.970887,0.220486,0.000000,-0.956793,0.148965,-0.249715,0.000000,0.036777,-0.148679,-0.225112,1.000000;;
            }
           }

           Frame Facial_Lip_Out_R {
            

            FrameTransformMatrix {
             -0.045752,-0.331510,0.942342,0.000000,0.098102,0.937279,0.334492,0.000000,-0.994124,0.107749,-0.010361,0.000000,-0.229137,-0.199997,-0.348883,1.000000;;
            }
           }
          }

          Frame Facial_Dum_Ear_L {
           

           FrameTransformMatrix {
            1.000000,0.000000,0.000000,0.000000,0.000000,1.000000,0.000000,0.000000,0.000000,-0.000000,1.000000,0.000000,0.900047,1.581810,0.329007,1.000000;;
           }
          }

          Frame Facial_Dum_Ear_R {
           

           FrameTransformMatrix {
            1.000000,0.000000,0.000000,0.000000,0.000000,1.000000,0.000000,0.000000,0.000000,-0.000000,1.000000,0.000000,0.900040,-1.582000,0.329011,1.000000;;
           }
          }
         }
        }
       }

       Frame R_Breast {
        

        FrameTransformMatrix {
         0.063559,0.329543,-0.941999,0.000000,-0.003088,0.943968,0.330023,0.000000,0.997974,-0.018068,0.061016,0.000000,1.272747,-1.452000,1.209909,1.000000;;
        }
       }

       Frame L_Breast {
        

        FrameTransformMatrix {
         -0.063560,0.329545,0.941998,0.000000,0.003087,0.943967,-0.330025,0.000000,-0.997973,-0.018068,-0.061016,0.000000,1.272760,1.451767,1.209906,1.000000;;
        }
       }

       Frame L_spine3 {
        

        FrameTransformMatrix {
         0.970254,0.041788,-0.238457,0.000000,0.066274,-0.993210,0.095609,0.000000,-0.232843,-0.108568,-0.966435,0.000000,2.116196,3.091140,-0.520092,1.000000;;
        }
       }

       Frame R_spine3 {
        

        FrameTransformMatrix {
         0.973518,-0.046567,-0.223819,0.000000,-0.064589,-0.995173,-0.073884,0.000000,-0.219298,0.086384,-0.971827,0.000000,2.159683,-3.103305,-0.496527,1.000000;;
        }
       }

       Frame Acc_Spine3 {
        

        FrameTransformMatrix {
         0.824077,-0.000205,-0.566478,0.000000,0.000205,-1.000000,0.000659,0.000000,-0.566478,-0.000659,-0.824077,0.000000,2.862175,0.000008,4.011381,1.000000;;
        }

        Frame Acc_Feather {
         

         FrameTransformMatrix {
          0.941870,-0.238985,-0.236153,0.000000,0.190194,0.958672,-0.211601,0.000000,0.276962,0.154385,0.948397,0.000000,4.744812,-3.582694,0.557690,1.000000;;
         }
        }
       }
      }

      Frame FxCenter {
       

       FrameTransformMatrix {
        -0.030848,-0.125082,0.991667,0.000000,0.999225,0.020431,0.033660,0.000000,-0.024471,0.991936,0.124355,0.000000,1.000000,-0.000002,0.000000,1.000000;;
       }
      }

      Frame Weapon_Back {
       

       FrameTransformMatrix {
        -0.999294,-0.001092,-0.037550,0.000000,0.001092,-0.999999,0.000019,0.000000,-0.037550,-0.000022,0.999295,0.000000,4.711464,-0.000006,-2.809571,1.000000;;
       }
      }
     }
    }

    Frame Bip01-L-Thigh {
     

     FrameTransformMatrix {
      -0.964183,-0.076269,0.254035,0.000000,0.092755,-0.994248,0.053549,0.000000,0.248490,0.075194,0.965712,0.000000,-2.300686,2.615771,0.079906,1.000000;;
     }

     Frame Bip01-L-Calf {
      

      FrameTransformMatrix {
       0.928505,0.000000,-0.371320,0.000000,-0.000000,1.000000,0.000000,0.000000,0.371320,0.000000,0.928505,0.000000,10.047698,-0.000001,0.000000,1.000000;;
      }

      Frame Bip01-L-Foot {
       

       FrameTransformMatrix {
        0.981282,-0.046797,0.186806,0.000000,-0.015800,0.947193,0.320275,0.000000,-0.191929,-0.317231,0.928724,0.000000,10.474902,-0.000001,0.000000,1.000000;;
       }

       Frame Bip01-L-Toe0 {
        

        FrameTransformMatrix {
         0.005123,0.000002,0.999987,0.000000,0.000001,1.000000,-0.000002,0.000000,-0.999987,0.000001,0.005123,0.000000,3.213928,-0.000003,1.930062,1.000000;;
        }

        Frame Bip01-L-Toe0Nub {
         

         FrameTransformMatrix {
          -1.000000,0.000000,0.000691,0.000000,0.000000,1.000000,0.000000,0.000000,-0.000691,0.000000,-1.000000,0.000000,1.879580,-0.000000,-0.000000,1.000000;;
         }
        }
       }
      }

      Frame L_Knee {
       

       FrameTransformMatrix {
        0.981964,-0.000000,0.189070,0.000000,0.000000,1.000000,0.000000,0.000000,-0.189070,-0.000000,0.981964,0.000000,0.000000,0.000000,0.000000,1.000000;;
       }
      }

      Frame Bip01-LCalfTwist {
       

       FrameTransformMatrix {
        1.000000,-0.000000,-0.000000,0.000000,0.000000,0.986740,0.162310,0.000000,-0.000000,-0.162310,0.986740,0.000000,0.000000,0.000000,0.000000,1.000000;;
       }
      }
     }

     Frame L_Thigh {
      

      FrameTransformMatrix {
