xof 0303txt 0032
template ColorRGBA {
 <35ff44e0-6c7c-11cf-8f52-0040333594a3>
 FLOAT red;
 FLOAT green;
 FLOAT blue;
 FLOAT alpha;
}

template ColorRGB {
 <d3e16e81-7835-11cf-8f52-0040333594a3>
 FLOAT red;
 FLOAT green;
 FLOAT blue;
}

template Material {
 <3d82ab4d-62da-11cf-ab39-0020af71e433>
 ColorRGBA faceColor;
 FLOAT power;
 ColorRGB specularColor;
 ColorRGB emissiveColor;
 [...]
}

template TextureFilename {
 <a42790e1-7810-11cf-8f52-0040333594a3>
 STRING filename;
}

template Frame {
 <3d82ab46-62da-11cf-ab39-0020af71e433>
 [...]
}

template Matrix4x4 {
 <f6f23f45-7686-11cf-8f52-0040333594a3>
 array FLOAT matrix[16];
}

template FrameTransformMatrix {
 <f6f23f41-7686-11cf-8f52-0040333594a3>
 Matrix4x4 frameMatrix;
}

template Vector {
 <3d82ab5e-62da-11cf-ab39-0020af71e433>
 FLOAT x;
 FLOAT y;
 FLOAT z;
}

template MeshFace {
 <3d82ab5f-62da-11cf-ab39-0020af71e433>
 DWORD nFaceVertexIndices;
 array DWORD faceVertexIndices[nFaceVertexIndices];
}

template Mesh {
 <3d82ab44-62da-11cf-ab39-0020af71e433>
 DWORD nVertices;
 array Vector vertices[nVertices];
 DWORD nFaces;
 array MeshFace faces[nFaces];
 [...]
}

template MeshNormals {
 <f6f23f43-7686-11cf-8f52-0040333594a3>
 DWORD nNormals;
 array Vector normals[nNormals];
 DWORD nFaceNormals;
 array MeshFace faceNormals[nFaceNormals];
}

template MeshMaterialList {
 <f6f23f42-7686-11cf-8f52-0040333594a3>
 DWORD nMaterials;
 DWORD nFaceIndexes;
 array DWORD faceIndexes[nFaceIndexes];
 [Material <3d82ab4d-62da-11cf-ab39-0020af71e433>]
}

template Coords2d {
 <f6f23f44-7686-11cf-8f52-0040333594a3>
 FLOAT u;
 FLOAT v;
}

template MeshTextureCoords {
 <f6f23f40-7686-11cf-8f52-0040333594a3>
 DWORD nTextureCoords;
 array Coords2d textureCoords[nTextureCoords];
}

template XSkinMeshHeader {
 <3cf169ce-ff7c-44ab-93c0-f78f62d172e2>
 WORD nMaxSkinWeightsPerVertex;
 WORD nMaxSkinWeightsPerFace;
 WORD nBones;
}

template SkinWeights {
 <6f0d123b-bad2-4167-a0d0-80224f25fabb>
 STRING transformNodeName;
 DWORD nWeights;
 array DWORD vertexIndices[nWeights];
 array FLOAT weights[nWeights];
 Matrix4x4 matrixOffset;
}

template AnimTicksPerSecond {
 <9e415a43-7ba6-4a73-8743-b73d47e88476>
 DWORD AnimTicksPerSecond;
}

template Animation {
 <3d82ab4f-62da-11cf-ab39-0020af71e433>
 [...]
}

template AnimationSet {
 <3d82ab50-62da-11cf-ab39-0020af71e433>
 [Animation <3d82ab4f-62da-11cf-ab39-0020af71e433>]
}

template FloatKeys {
 <10dd46a9-775b-11cf-8f52-0040333594a3>
 DWORD nValues;
 array FLOAT values[nValues];
}

template TimedFloatKeys {
 <f406b180-7b3b-11cf-8f52-0040333594a3>
 DWORD time;
 FloatKeys tfkeys;
}

template AnimationKey {
 <10dd46a8-775b-11cf-8f52-0040333594a3>
 DWORD keyType;
 DWORD nKeys;
 array TimedFloatKeys keys[nKeys];
}


Material NPC_tut_Tsoldier_W_MI {
 1.000000;1.000000;1.000000;1.000000;;
 10.000000;
 0.000000;0.000000;0.000000;;
 0.000000;0.000000;0.000000;;

 TextureFilename {
  "NPC_Guard_Temp_diff.tga";
 }
}

Frame Dummy_root {
 

 FrameTransformMatrix {
  1.000000,0.000000,0.000000,0.000000,0.000000,1.000000,0.000000,0.000000,0.000000,-0.000000,1.000000,0.000000,0.000001,24.012974,0.000000,1.000000;;
 }

 Frame Bip01 {
  

  FrameTransformMatrix {
   0.918476,0.005027,-0.395444,0.000000,-0.092066,0.975164,-0.201442,0.000000,0.384610,0.221427,0.896128,0.000000,-0.006081,-3.714340,-2.045371,1.000000;;
  }

  Frame Bip01-Pelvis {
   

   FrameTransformMatrix {
    0.000000,1.000000,-0.000001,0.000000,-0.000002,0.000001,1.000000,0.000000,1.000000,-0.000000,0.000002,0.000000,0.000000,0.000000,0.000000,1.000000;;
   }

   Frame Bip01-Spine {
    

    FrameTransformMatrix {
     0.999161,0.037443,-0.016619,0.000000,-0.037424,0.999298,0.001420,0.000000,0.016661,-0.000797,0.999861,0.000000,1.083015,0.000002,0.279170,1.000000;;
    }

    Frame Bip01-Spine1 {
     

     FrameTransformMatrix {
      0.994679,0.026880,-0.099452,0.000000,-0.030980,0.998723,-0.039916,0.000000,0.098252,0.042784,0.994241,0.000000,0.572748,-0.000159,-0.003671,1.000000;;
     }

     Frame Bip01-Spine2 {
      

      FrameTransformMatrix {
       0.959432,0.099183,0.263920,0.000000,-0.152929,0.969485,0.191605,0.000000,-0.236862,-0.224193,0.945322,0.000000,4.637776,0.000440,-0.001856,1.000000;;
      }

      Frame Bip01-Spine3 {
       

       FrameTransformMatrix {
        0.993420,0.096945,0.060986,0.000000,-0.094544,0.994672,-0.041108,0.000000,-0.064646,0.035071,0.997292,0.000000,2.465557,-0.000182,-0.005155,1.000000;;
       }

       Frame Bip01-Neck {
        

        FrameTransformMatrix {
         0.918553,0.059439,0.390803,0.000000,-0.051273,0.998194,-0.031305,0.000000,-0.391958,0.008718,0.919942,0.000000,7.414966,-0.000016,-0.018839,1.000000;;
        }

        Frame Bip01-Head {
         

         FrameTransformMatrix {
          0.997258,0.073970,0.002237,0.000000,-0.070900,0.963661,-0.257548,0.000000,-0.021206,0.256683,0.966263,0.000000,2.752611,0.000000,0.000008,1.000000;;
         }

         Frame Facial_Eyebrow_L {
          

          FrameTransformMatrix {
           0.088859,0.220491,0.971333,0.000000,0.095644,-0.972573,0.212023,0.000000,0.991442,0.074062,-0.107510,0.000000,1.483669,0.657562,1.160858,1.000000;;
          }
         }

         Frame Facial_Eyebrow_R {
          

          FrameTransformMatrix {
           0.088859,-0.220486,0.971334,0.000000,-0.095643,-0.972574,-0.212018,0.000000,0.991442,-0.074062,-0.107510,0.000000,1.483673,-0.657944,1.160864,1.000000;;
          }
         }

         Frame Facial_Eyelid_Upper_L {
          

          FrameTransformMatrix {
           0.144964,0.223890,0.963773,0.000000,0.021363,-0.974543,0.223179,0.000000,0.989206,-0.011764,-0.146057,0.000000,1.276096,0.731895,1.515972,1.000000;;
          }
         }

         Frame Facial_Eyelid_Upper_R {
          

          FrameTransformMatrix {
           0.144964,-0.223882,0.963775,0.000000,-0.021383,-0.974545,-0.223168,0.000000,0.989206,0.011743,-0.146061,0.000000,1.275726,-0.732084,1.516008,1.000000;;
          }
         }

         Frame Facial_Eye_L {
          

          FrameTransformMatrix {
           0.139179,0.138183,0.980579,0.000000,0.009306,-0.990355,0.138240,0.000000,0.990224,-0.010115,-0.139123,0.000000,1.194149,0.765209,1.738779,1.000000;;
          }
         }

         Frame Facial_Eye_R {
          

          FrameTransformMatrix {
           0.139174,-0.138180,0.980580,0.000000,-0.009322,-0.990356,-0.138234,0.000000,0.990224,0.010097,-0.139120,0.000000,1.194153,-0.765399,1.738779,1.000000;;
          }
         }

         Frame Facial_Cheek_L {
          

          FrameTransformMatrix {
           0.001430,0.471395,0.881921,0.000000,0.039342,-0.881266,0.470981,0.000000,0.999225,0.034023,-0.019805,0.000000,0.631531,0.811901,1.227005,1.000000;;
          }
         }

         Frame Facial_Cheek_R {
          

          FrameTransformMatrix {
           0.001432,-0.471405,0.881916,0.000000,0.039352,0.881260,0.470991,0.000000,-0.999224,0.034031,0.019813,0.000000,0.631538,-0.811783,1.227003,1.000000;;
          }
         }

         Frame Facial_Lip_Upper_L {
          

          FrameTransformMatrix {
           0.053510,0.105582,0.992970,0.000000,0.040271,-0.993814,0.103502,0.000000,0.997755,0.034449,-0.057431,0.000000,-0.294025,0.207237,1.897980,1.000000;;
          }
         }

         Frame Facial_Lip_Upper_R {
          

          FrameTransformMatrix {
           0.053512,-0.105278,0.993002,0.000000,0.035142,0.994009,0.103491,0.000000,-0.997949,0.029358,0.056891,0.000000,-0.293999,-0.207222,1.898140,1.000000;;
          }
         }

         Frame Facial_Lip_Out_L {
          

          FrameTransformMatrix {
           -0.031530,0.457582,0.888608,0.000000,0.036398,-0.887935,0.458527,0.000000,0.998840,0.046801,0.011341,0.000000,-0.439030,0.219952,1.683640,1.000000;;
          }
         }

         Frame Facial_Lip_Out_R {
          

          FrameTransformMatrix {
           -0.031530,-0.457580,0.888609,0.000000,0.036397,0.887936,0.458524,0.000000,-0.998840,0.046800,-0.011342,0.000000,-0.439037,-0.220047,1.683638,1.000000;;
          }
         }

         Frame Facial_Jaw {
          

          FrameTransformMatrix {
           -0.395223,0.001000,0.918585,0.000000,-0.000998,-0.999999,0.000659,0.000000,0.918585,-0.000656,0.395223,0.000000,-0.127174,-0.000041,0.328087,1.000000;;
          }

          Frame Facial_Lip_Lower_C {
           

           FrameTransformMatrix {
            0.885442,-0.000165,0.464750,0.000000,0.000166,-1.000000,-0.000670,0.000000,0.464750,0.000671,-0.885442,0.000000,1.356026,-0.000020,0.085487,1.000000;;
           }
          }
         }
        }

        Frame Bip01-L-Clavicle {
         

         FrameTransformMatrix {
          -0.387341,0.878623,-0.279265,0.000000,0.841957,0.213712,-0.495415,0.000000,-0.375600,-0.427024,-0.822542,0.000000,-0.754129,1.538399,-0.158821,1.000000;;
         }

         Frame Bip01-L-UpperArm {
          

          FrameTransformMatrix {
           0.663362,-0.735655,-0.136977,0.000000,0.452124,0.539894,-0.709999,0.000000,0.596267,0.409055,0.690753,0.000000,4.944694,0.000008,0.000000,1.000000;;
          }

          Frame Bip01-L-Forearm {
           

           FrameTransformMatrix {
            0.635669,-0.000000,-0.771962,0.000000,0.000000,1.000000,0.000000,0.000000,0.771962,-0.000000,0.635669,0.000000,5.657753,-0.000001,0.000001,1.000000;;
           }

           Frame Bip01-L-Hand {
            

            FrameTransformMatrix {
             0.990208,0.048004,0.131083,0.000000,-0.138621,0.227307,0.963906,0.000000,0.016475,-0.972639,0.231736,0.000000,6.055569,0.000000,0.000002,1.000000;;
            }

            Frame Bip01-L-Finger0 {
             

             FrameTransformMatrix {
              0.806069,-0.553314,0.209990,0.000000,0.263751,0.018222,-0.964419,0.000000,0.529800,0.832774,0.160625,0.000000,0.267487,-0.556576,-0.025429,1.000000;;
             }

             Frame Bip01-L-Finger01 {
              

              FrameTransformMatrix {
               0.934135,0.000000,0.356921,0.000000,0.000000,1.000000,-0.000000,0.000000,-0.356921,0.000000,0.934135,0.000000,1.476517,-0.000001,-0.000004,1.000000;;
              }

              Frame Bip01-L-Finger02 {
               

               FrameTransformMatrix {
                0.990199,0.000000,-0.139662,0.000000,0.000000,1.000000,0.000000,0.000000,0.139662,0.000000,0.990199,0.000000,1.210524,0.000000,0.000001,1.000000;;
               }
              }
             }
            }

            Frame Bip01-L-Finger1 {
             

             FrameTransformMatrix {
              0.936171,0.055363,0.347159,0.000000,-0.088463,0.992844,0.080223,0.000000,-0.340234,-0.105813,0.934369,0.000000,2.474461,-0.885173,-0.628414,1.000000;;
             }

             Frame Bip01-L-Finger11 {
              

              FrameTransformMatrix {
               0.955442,-0.000000,0.295179,0.000000,0.000000,1.000000,-0.000000,0.000000,-0.295179,0.000000,0.955442,0.000000,1.271679,0.000001,-0.000001,1.000000;;
              }

              Frame Bip01-L-Finger12 {
               

               FrameTransformMatrix {
                0.917416,-0.000000,0.397931,0.000000,0.000000,1.000000,0.000000,0.000000,-0.397930,0.000000,0.917416,0.000000,0.772678,0.000001,0.000001,1.000000;;
               }
              }
             }
            }

            Frame Bip01-L-Finger2 {
             

             FrameTransformMatrix {
              0.763779,0.066918,0.642001,0.000000,-0.196071,0.971667,0.131982,0.000000,-0.614979,-0.226682,0.755259,0.000000,2.461979,-0.105271,-0.776138,1.000000;;
             }

             Frame Bip01-L-Finger21 {
              

              FrameTransformMatrix {
               0.564307,-0.000000,0.825565,0.000000,0.000000,1.000000,0.000000,0.000000,-0.825565,0.000000,0.564307,0.000000,1.492224,-0.000000,0.000000,1.000000;;
              }

              Frame Bip01-L-Finger22 {
               

               FrameTransformMatrix {
                0.734034,-0.000000,0.679113,0.000000,-0.000000,1.000000,0.000000,0.000000,-0.679113,0.000000,0.734034,0.000000,0.961849,-0.000000,-0.000002,1.000000;;
               }
              }
             }
            }

            Frame Bip01-L-Finger3 {
             

             FrameTransformMatrix {
              0.718269,0.018300,0.695525,0.000000,-0.343999,0.878264,0.332140,0.000000,-0.604776,-0.477826,0.637125,0.000000,2.310501,0.714546,-0.703491,1.000000;;
             }

             Frame Bip01-L-Finger31 {
              

              FrameTransformMatrix {
               0.555719,0.000000,0.831371,0.000000,0.000000,1.000000,-0.000000,0.000000,-0.831371,0.000000,0.555719,0.000000,1.440876,0.000000,-0.000000,1.000000;;
              }

              Frame Bip01-L-Finger32 {
               

               FrameTransformMatrix {
                0.559764,-0.000000,0.828653,0.000000,-0.000000,1.000000,0.000000,0.000000,-0.828652,0.000000,0.559764,0.000000,0.912706,0.000000,0.000004,1.000000;;
               }
              }
             }
            }

            Frame Bip01-L-Finger4 {
             

             FrameTransformMatrix {
              0.553721,-0.081099,0.828744,0.000000,-0.472776,0.788662,0.393059,0.000000,-0.685475,-0.609456,0.398357,0.000000,2.122461,1.342596,-0.448959,1.000000;;
             }

             Frame Bip01-L-Finger41 {
              

              FrameTransformMatrix {
               0.968483,-0.000000,0.249081,0.000000,0.000000,1.000000,0.000000,0.000000,-0.249081,0.000000,0.968483,0.000000,1.129986,-0.000001,-0.000001,1.000000;;
              }

              Frame Bip01-L-Finger42 {
               

               FrameTransformMatrix {
                0.624048,0.000000,0.781386,0.000000,-0.000000,1.000000,0.000000,0.000000,-0.781386,-0.000000,0.624048,0.000000,0.587463,0.000000,0.000000,1.000000;;
               }
              }
             }
            }
           }

           Frame L_Elbow {
            

            FrameTransformMatrix {
             0.904342,0.000000,0.426809,0.000000,-0.000000,1.000000,-0.000000,0.000000,-0.426809,-0.000000,0.904342,0.000000,0.000004,-0.000004,0.000000,1.000000;;
            }
           }

           Frame Bip01-L-ForeTwist {
            

            FrameTransformMatrix {
             1.000000,0.000000,0.000000,0.000000,-0.000000,0.993303,-0.115535,0.000000,-0.000000,0.115535,0.993304,0.000000,0.000000,0.000000,0.000000,1.000000;;
            }
           }
          }

          Frame L_Shoulder {
           

           FrameTransformMatrix {
            0.894167,0.280940,0.348623,0.000000,-0.438023,0.710182,0.551160,0.000000,-0.092743,-0.645533,0.758080,0.000000,-0.000004,0.000000,-0.000002,1.000000;;
           }
          }

          Frame L_Shoulder_Twist {
           

           FrameTransformMatrix {
            0.998822,0.036395,0.032089,0.000000,-0.045994,0.920842,0.387215,0.000000,-0.015456,-0.388235,0.921431,0.000000,0.000000,0.000002,-0.000001,1.000000;;
           }
          }
         }
        }

        Frame Bip01-R-Clavicle {
         

         FrameTransformMatrix {
          -0.326888,-0.938121,-0.114336,0.000000,-0.869379,0.251061,0.425616,0.000000,-0.370574,0.238530,-0.897652,0.000000,-0.931181,-1.435011,-0.184784,1.000000;;
         }

         Frame Bip01-R-UpperArm {
          

          FrameTransformMatrix {
           0.574331,0.729383,-0.371678,0.000000,-0.647045,0.682598,0.339695,0.000000,0.501474,0.045395,0.863981,0.000000,4.944695,0.000004,-0.000001,1.000000;;
          }

          Frame Bip01-R-Forearm {
           

           FrameTransformMatrix {
            0.427698,0.000000,-0.903922,0.000000,-0.000000,1.000000,0.000000,0.000000,0.903922,0.000000,0.427698,0.000000,5.657755,0.000000,0.000000,1.000000;;
           }

           Frame Bip01-R-Hand {
            

            FrameTransformMatrix {
             0.913289,0.187204,-0.361744,0.000000,-0.257826,-0.421847,-0.869236,0.000000,-0.315325,0.887130,-0.337002,0.000000,6.055566,0.000004,-0.000004,1.000000;;
            }

            Frame Bip01-R-Finger0 {
             

             FrameTransformMatrix {
              0.594376,0.395501,0.700212,0.000000,-0.150133,-0.800827,0.579773,0.000000,0.790049,-0.449728,-0.416614,0.000000,0.267486,0.556572,-0.025433,1.000000;;
             }

             Frame Bip01-R-Finger01 {
              

              FrameTransformMatrix {
               0.912495,-0.000000,0.409089,0.000000,0.000000,1.000000,0.000000,0.000000,-0.409089,-0.000000,0.912495,0.000000,1.476518,0.000004,0.000002,1.000000;;
              }

              Frame Bip01-R-Finger02 {
               

               FrameTransformMatrix {
                0.706754,-0.000000,0.707459,0.000000,0.000000,1.000000,-0.000000,0.000000,-0.707459,0.000000,0.706754,0.000000,1.210525,-0.000002,0.000001,1.000000;;
               }
              }
             }
            }

            Frame Bip01-R-Finger1 {
             

             FrameTransformMatrix {
              0.717642,0.062537,0.693599,0.000000,-0.130245,0.990439,0.045458,0.000000,-0.684125,-0.122960,0.718926,0.000000,2.474459,0.885174,-0.628418,1.000000;;
             }

             Frame Bip01-R-Finger11 {
              

              FrameTransformMatrix {
               0.617330,0.000000,0.786705,0.000000,-0.000000,1.000000,-0.000000,0.000000,-0.786705,-0.000000,0.617330,0.000000,1.271685,-0.000002,-0.000002,1.000000;;
              }

              Frame Bip01-R-Finger12 {
               

               FrameTransformMatrix {
                0.706369,0.000000,0.707844,0.000000,0.000000,1.000000,0.000000,0.000000,-0.707844,0.000000,0.706369,0.000000,0.772667,0.000002,0.000001,1.000000;;
               }
              }
             }
            }

            Frame Bip01-R-Finger2 {
             

             FrameTransformMatrix {
              0.678123,-0.023460,0.734574,0.000000,0.190671,0.970884,-0.145011,0.000000,-0.709785,0.238397,0.662852,0.000000,2.461982,0.105272,-0.776142,1.000000;;
             }

             Frame Bip01-R-Finger21 {
              

              FrameTransformMatrix {
               0.649859,0.000000,0.760055,0.000000,0.000000,1.000000,0.000000,0.000000,-0.760055,0.000000,0.649859,0.000000,1.492226,0.000000,0.000002,1.000000;;
              }

              Frame Bip01-R-Finger22 {
               

               FrameTransformMatrix {
                0.384505,-0.000000,0.923123,0.000000,0.000000,1.000000,0.000000,0.000000,-0.923123,-0.000000,0.384505,0.000000,0.961849,-0.000002,0.000000,1.000000;;
               }
              }
             }
            }

            Frame Bip01-R-Finger3 {
             

             FrameTransformMatrix {
              0.545210,-0.012515,0.838206,0.000000,0.190014,0.975709,-0.109027,0.000000,-0.816481,0.218713,0.534344,0.000000,2.310499,-0.714546,-0.703495,1.000000;;
             }

             Frame Bip01-R-Finger31 {
              

              FrameTransformMatrix {
               0.730076,0.000000,0.683367,0.000000,0.000000,1.000000,-0.000000,0.000000,-0.683367,0.000000,0.730076,0.000000,1.440882,0.000000,-0.000002,1.000000;;
              }

              Frame Bip01-R-Finger32 {
               

               FrameTransformMatrix {
                0.583697,0.000000,0.811972,0.000000,-0.000000,1.000000,-0.000000,0.000000,-0.811971,-0.000000,0.583697,0.000000,0.912705,0.000002,0.000001,1.000000;;
               }
              }
             }
            }

            Frame Bip01-R-Finger4 {
             

             FrameTransformMatrix {
              0.636940,-0.050959,0.769227,0.000000,0.184467,0.978901,-0.087894,0.000000,-0.748519,0.197880,0.632901,0.000000,2.122462,-1.342598,-0.448961,1.000000;;
             }

             Frame Bip01-R-Finger41 {
              

              FrameTransformMatrix {
               0.885229,-0.000000,0.465156,0.000000,0.000000,1.000000,0.000000,0.000000,-0.465156,-0.000000,0.885229,0.000000,1.129983,-0.000002,-0.000002,1.000000;;
              }

              Frame Bip01-R-Finger42 {
               

               FrameTransformMatrix {
                0.818753,-0.000000,0.574145,0.000000,0.000000,1.000000,-0.000000,0.000000,-0.574145,0.000000,0.818754,0.000000,0.587464,0.000000,-0.000000,1.000000;;
               }
              }
             }
            }

            Frame R_Sword {
             

             FrameTransformMatrix {
              0.934806,0.180470,0.305889,0.000000,-0.150814,0.981475,-0.118165,0.000000,-0.321548,0.064329,0.944706,0.000000,4.255588,-13.718992,2.397099,1.000000;;
             }
            }
           }

           Frame R_Elbow {
            

            FrameTransformMatrix {
             0.844896,0.000000,0.534931,0.000000,0.000000,1.000000,-0.000000,0.000000,-0.534931,0.000000,0.844896,0.000000,-0.000001,0.000000,0.000001,1.000000;;
            }
           }

           Frame Bip01-R-ForeTwist {
            

            FrameTransformMatrix {
             1.000000,0.000000,0.000000,0.000000,0.000000,0.974590,-0.223996,0.000000,-0.000000,0.223996,0.974590,0.000000,0.000000,0.000000,0.000000,1.000000;;
            }
           }
          }

          Frame R_Shoulder {
           

           FrameTransformMatrix {
            0.866723,-0.389308,0.311817,0.000000,0.450769,0.878989,-0.155522,0.000000,-0.213538,0.275352,0.937328,0.000000,0.000000,0.000000,-0.000000,1.000000;;
           }
          }

          Frame R_Shoulder_Twist {
           

           FrameTransformMatrix {
            0.998606,-0.044342,0.028635,0.000000,0.048580,0.984236,-0.170060,0.000000,-0.020643,0.171214,0.985018,0.000000,0.000000,0.000000,0.000000,1.000000;;
           }
          }
         }
        }
       }
      }
     }
    }

    Frame Bip01-L-Thigh {
     

     FrameTransformMatrix {
      -0.975476,-0.133551,0.174956,0.000000,0.195038,-0.892875,0.405875,0.000000,0.102009,0.430045,0.897026,0.000000,-0.943476,3.616192,-0.300021,1.000000;;
     }

     Frame Bip01-L-Calf {
      

      FrameTransformMatrix {
       0.882134,0.000000,-0.470999,0.000000,-0.000000,1.000000,0.000000,0.000000,0.470999,0.000000,0.882134,0.000000,8.514011,0.000000,-0.000000,1.000000;;
      }

      Frame Bip01-L-Foot {
       

       FrameTransformMatrix {
        0.948013,-0.041302,0.315540,0.000000,-0.020324,0.981660,0.189555,0.000000,-0.317582,-0.186113,0.929786,0.000000,10.204302,-0.000001,0.000000,1.000000;;
       }

       Frame Bip01-L-Toe0 {
        

        FrameTransformMatrix {
         0.000000,-0.000000,1.000000,0.000000,0.000000,1.000000,0.000000,0.000000,-1.000000,0.000000,-0.000000,0.000000,2.933389,-0.000000,2.839928,1.000000;;
        }
       }
      }

      Frame L_Knee {
       

       FrameTransformMatrix {
        0.970086,0.000000,0.242761,0.000000,0.000000,1.000000,0.000000,0.000000,-0.242761,0.000000,0.970086,0.000000,0.000000,-0.000002,-0.000000,1.000000;;
       }
      }

      Frame Bip01-LCalfTwist {
       

       FrameTransformMatrix {
        1.000000,0.000000,0.000000,0.000000,-0.000000,0.995455,0.095230,0.000000,0.000000,-0.095230,0.995455,0.000000,0.000000,0.000000,0.000000,1.000000;;
       }
      }
     }

     Frame L_Thigh {
      

      FrameTransformMatrix {
       0.981423,-0.180383,-0.065358,0.000000,0.163369,0.964324,-0.208302,0.000000,0.100600,0.193755,0.975879,0.000000,0.060423,0.000000,0.120850,1.000000;;
      }
     }
    }

    Frame Bip01-R-Thigh {
     

     FrameTransformMatrix {
      -0.837048,-0.482673,0.257640,0.000000,0.449917,-0.875180,-0.177861,0.000000,0.311330,-0.032961,0.949730,0.000000,-1.211447,-3.535926,-0.294327,1.000000;;
     }

     Frame Bip01-R-Calf {
      

      FrameTransformMatrix {
       0.712780,-0.000000,-0.701388,0.000000,0.000000,1.000000,-0.000000,0.000000,0.701388,-0.000000,0.712780,0.000000,8.514014,0.000000,0.000000,1.000000;;
      }

      Frame Bip01-R-Foot {
       

       FrameTransformMatrix {
        0.863747,-0.267412,0.427122,0.000000,0.199432,0.959782,0.197598,0.000000,-0.462784,-0.085493,0.882339,0.000000,10.204306,0.000002,0.000000,1.000000;;
       }

       Frame Bip01-R-Toe0 {
        

        FrameTransformMatrix {
         0.000000,-0.000000,1.000000,0.000000,-0.000000,1.000000,0.000000,0.000000,-1.000000,-0.000000,-0.000000,0.000000,2.933388,0.000000,2.839928,1.000000;;
        }
       }
      }

      Frame R_Knee {
       

       FrameTransformMatrix {
        0.925413,-0.000000,0.378959,0.000000,0.000000,1.000000,0.000000,0.000000,-0.378959,0.000000,0.925413,0.000000,0.000000,-0.000002,0.000000,1.000000;;
       }
      }

      Frame Bip01-RCalfTwist {
       

       FrameTransformMatrix {
        1.000000,0.000000,0.000000,0.000000,0.000000,0.994851,0.101346,0.000000,-0.000000,-0.101346,0.994851,0.000000,0.000000,0.000000,0.000000,1.000000;;
       }
      }
     }

     Frame R_Thigh {
      

      FrameTransformMatrix {
       0.963652,-0.191524,-0.186262,0.000000,0.201665,0.978758,0.036932,0.000000,0.175232,-0.073153,0.981806,0.000000,0.193259,0.204771,0.181757,1.000000;;
      }
     }
    }

    Frame Skirt_Dummy {
     

     FrameTransformMatrix {
      -1.000000,0.000488,0.000796,0.000000,-0.000488,-1.000000,0.000001,0.000000,0.000796,0.000001,1.000000,0.000000,0.809227,-0.000057,-0.105988,1.000000;;
     }

     Frame Skirt_CF_00 {
      

      FrameTransformMatrix {
       0.994886,0.100730,0.007418,0.000000,0.100725,-0.994914,0.001066,0.000000,0.007488,-0.000313,-0.999972,0.000000,0.313774,0.004584,6.230348,1.000000;;
      }
     }

     Frame Skirt_LF_00 {
      

      FrameTransformMatrix {
       0.993323,-0.029667,0.111485,0.000000,0.066036,-0.646177,-0.760325,0.000000,0.094596,0.762610,-0.639904,0.000000,0.502464,-5.398451,4.439327,1.000000;;
      }
     }

     Frame Skirt_LB_00 {
      

      FrameTransformMatrix {
       0.997522,0.047113,-0.052262,0.000000,-0.070318,0.641061,-0.764261,0.000000,-0.002503,0.766042,0.642786,0.000000,0.781754,-5.583002,-2.107359,1.000000;;
      }
     }

     Frame Skirt_CB_00 {
      

      FrameTransformMatrix {
       0.983429,0.155355,-0.093448,0.000000,-0.154658,0.987859,0.014696,0.000000,0.094597,0.000000,0.995516,0.000000,1.082165,-0.000004,-5.293028,1.000000;;
      }
     }

     Frame Skirt_RB_00 {
      

      FrameTransformMatrix {
       0.926366,0.338817,-0.164467,0.000000,-0.085399,0.614278,0.784455,0.000000,0.366815,-0.712647,0.597981,0.000000,0.764019,5.656958,-2.280972,1.000000;;
      }
     }

     Frame Skirt_RF_00 {
      

      FrameTransformMatrix {
       0.915976,0.309799,0.254974,0.000000,0.003493,-0.641611,0.767022,0.000000,0.401217,-0.701684,-0.588783,0.000000,0.453526,5.194522,3.960139,1.000000;;
      }
     }
    }
   }
  }
 }
}

Frame NPC_tut_Tsoldier_W_skel {
 

 FrameTransformMatrix {
  1.000000,0.000000,0.000000,0.000000,0.000000,1.000000,0.000000,0.000000,0.000000,0.000000,1.000000,0.000000,0.000000,0.000000,0.000000,1.000000;;
 }

 Mesh NPC_tut_Tsoldier_W_skel {
  5322;
  -2.694124;28.323450;19.568006;,
  -2.822135;28.609773;19.674461;,
  -2.722737;28.293805;19.542669;,
  -0.515062;30.747434;4.164344;,
  0.739868;30.418576;3.238590;,
  0.516896;31.306035;3.402999;,
  -0.417273;29.980803;3.940202;,
  -0.285696;28.172730;3.497682;,
  0.700655;28.619382;2.739810;,
  -0.021751;26.463989;3.504455;,
  1.669808;30.851203;1.906917;,
  1.462499;31.668582;2.016603;,
  0.172037;32.963504;3.584197;,
  -0.765620;32.620026;4.364262;,
  -1.839738;31.909814;4.768450;,
  -1.717030;30.352048;4.213365;,
  -1.513286;29.557862;4.267048;,
  -1.457773;33.005475;5.582822;,
  -2.035421;32.146477;5.115974;,
  -1.188388;33.208371;4.760554;,
  -1.038451;34.388608;4.762520;,
  -0.473523;34.823296;3.729329;,
  0.205530;34.816464;2.169999;,
  -0.885893;36.326419;1.951878;,
  0.363400;34.683110;1.014977;,
  -0.405232;35.770509;0.873922;,
  -0.932891;37.549923;1.340006;,
  -2.046531;37.563507;1.806998;,
  -0.909391;36.928166;1.557367;,
  -2.279171;37.081546;2.280081;,
  -1.377877;36.041747;3.438691;,
  -1.731429;35.690758;4.683674;,
  -1.137971;33.916381;5.956780;,
  -0.819240;37.314323;1.190837;,
  -0.612235;36.542419;1.032382;,
  -0.579016;36.356752;0.764531;,
  -0.752801;36.942992;0.655138;,
  -0.902341;37.349242;0.580006;,
  -1.099093;37.561706;0.938793;,
  -1.101870;37.789734;1.012955;,
  -1.813889;38.180195;1.583659;,
  -1.911304;38.241939;1.276114;,
  -0.729328;37.192394;0.000344;,
  -1.211321;37.055738;0.472445;,
  -1.280173;37.260230;0.715696;,
  -1.349022;37.464736;0.958947;,
  -2.164927;37.899453;1.130361;,
  -3.005764;38.230067;0.960647;,
  -2.800953;38.591744;1.141491;,
  -1.076876;36.951082;0.000344;,
  -2.991377;38.705920;1.625092;,
  -3.220988;38.111619;1.829759;,
  -3.450596;37.623280;2.186635;,
  -3.768727;37.264563;3.132039;,
  -2.363875;36.870218;3.254457;,
  -3.931043;36.683434;4.395367;,
  -2.742050;36.514733;4.628969;,
  -3.021793;35.686646;6.565623;,
  -1.515024;32.913405;7.471330;,
  -2.334286;32.707475;9.901606;,
  -1.893357;32.032970;9.699848;,
  -2.221063;33.897632;8.070120;,
  -1.424659;33.704864;6.347458;,
  -2.149817;34.691078;6.492075;,
  -1.902118;35.067632;6.334793;,
  -3.090086;35.083411;6.671893;,
  -3.192841;34.255408;8.338010;,
  -3.216567;33.240454;10.051950;,
  -2.377440;32.396515;10.489362;,
  -2.181330;31.669942;10.383734;,
  -3.387202;32.817306;10.646984;,
  -2.506469;32.168288;11.090885;,
  -2.031790;31.425101;10.956117;,
  -1.845718;30.601027;12.219972;,
  -2.630160;30.965062;13.954907;,
  -2.048881;30.090618;13.610523;,
  -2.378650;31.499024;12.568970;,
  -3.535726;32.597955;11.333993;,
  -4.011902;32.819274;10.553685;,
  -4.290901;33.222000;9.926819;,
  -3.491817;31.908397;12.753901;,
  -3.583108;31.145421;14.237661;,
  -4.341794;34.590051;7.798266;,
  -4.205181;35.069366;6.601075;,
  -4.141360;35.764275;6.532781;,
  1.566450;23.570138;1.900091;,
  0.847298;22.832346;3.232780;,
  1.675043;22.954746;2.066053;,
  1.269970;20.438282;3.675031;,
  1.807086;16.636179;2.471008;,
  1.393228;18.305666;3.713340;,
  1.287818;16.565802;3.701551;,
  2.028170;18.308890;2.349982;,
  2.034284;20.232373;2.247210;,
  2.021744;22.948677;1.048690;,
  1.875304;23.561104;1.058476;,
  1.780078;26.096435;0.843945;,
  1.972521;26.188478;-0.008604;,
  2.143429;18.342187;2.031415;,
  2.428142;18.430691;1.253070;,
  2.409298;20.261229;1.206510;,
  2.070339;23.739795;-0.004549;,
  2.291409;23.021954;-0.005117;,
  2.619698;20.187253;-0.004788;,
  2.646455;18.492566;-0.005607;,
  2.291365;17.372192;1.247529;,
  2.380010;15.861538;-0.004600;,
  1.850220;26.755616;0.775191;,
  2.010299;26.888154;-0.009758;,
  2.117270;28.674835;-0.007270;,
  1.915418;28.759094;0.822867;,
  2.090112;30.851168;-0.020795;,
  1.890911;30.730237;0.922300;,
  1.999275;31.742051;-0.021619;,
  1.781016;31.747315;0.970654;,
  1.360660;33.228032;-0.021900;,
  1.135711;33.241210;1.094523;,
  0.847312;33.219664;2.104075;,
  1.650546;28.746093;1.744174;,
  0.463162;34.740474;-0.000767;,
  -0.260962;35.647021;0.000344;,
  -0.427268;36.271690;0.000344;,
  -0.593574;36.896358;0.000344;,
  -5.190002;20.794502;-0.005372;,
  -4.303426;23.220613;1.237584;,
  -4.205148;23.176426;-0.005117;,
  -4.036610;23.575960;2.498644;,
  -4.059085;23.010834;2.655328;,
  -5.174822;20.846523;1.494836;,
  -5.477815;19.059595;-0.004015;,
  -5.413717;18.943470;1.550063;,
  -5.474007;17.685664;-0.004600;,
  -4.789484;20.598691;3.080315;,
  -2.956864;23.255402;3.660942;,
  -2.964062;22.729246;3.828814;,
  -3.582421;20.609222;4.615894;,
  -4.988904;18.736414;3.245691;,
  -5.380077;17.604424;1.540139;,
  -5.154344;15.986416;-0.004600;,
  -5.117518;15.976651;1.423704;,
  -5.146179;17.425171;3.281541;,
  -3.684936;18.542763;4.838171;,
  -0.670972;22.763365;4.498049;,
  -1.795276;23.269315;4.283374;,
  -1.753289;22.781954;4.425134;,
  -1.711245;20.543907;5.109380;,
  -1.657199;18.475774;5.488954;,
  -3.635569;17.097526;4.856762;,
  -4.826886;15.889835;3.205814;,
  -3.367942;15.366672;4.783938;,
  -1.801841;16.912536;5.509402;,
  -0.478196;18.367157;5.681850;,
  -0.526199;20.467509;5.188120;,
  -0.488545;16.729109;5.923486;,
  -1.755844;15.206525;5.696854;,
  -0.616272;14.943370;5.829398;,
  -0.855609;25.375672;3.949004;,
  -0.681463;23.104130;4.319193;,
  -3.252831;27.595674;2.774289;,
  -3.841810;26.039974;1.919537;,
  -2.871919;26.182373;3.075980;,
  -2.259797;27.776339;3.621514;,
  -2.076204;26.358984;3.705844;,
  -1.116736;28.011395;3.731202;,
  -0.848110;26.284610;3.817728;,
  -1.823778;25.298184;3.778936;,
  -1.513286;29.557862;4.267048;,
  -4.197372;23.693270;1.190995;,
  -3.717828;25.410766;1.995943;,
  -2.593791;25.343933;3.106266;,
  -4.088540;23.743862;-0.004549;,
  -3.945674;25.453974;0.869655;,
  -4.190486;26.062869;0.816876;,
  -3.937341;25.391182;-0.008604;,
  -4.172927;25.937597;-0.009758;,
  -4.500788;27.340413;-0.006597;,
  -5.696593;30.099277;-0.020113;,
  -6.040566;31.389194;1.085777;,
  -5.948921;31.299987;-0.021901;,
  -5.704384;30.046512;1.021670;,
  -5.250214;28.747949;-0.006816;,
  -5.239378;28.665894;0.835291;,
  -4.474989;27.299987;0.869535;,
  -4.009464;27.366573;1.767668;,
  -4.756364;28.716246;1.934299;,
  -5.310458;30.147338;2.151439;,
  -5.931190;31.410160;2.399465;,
  -6.219954;33.549382;2.678667;,
  -5.974071;33.533171;4.193585;,
  -5.514558;35.507082;4.130566;,
  -5.835424;33.517376;5.561296;,
  -5.428893;34.538269;6.051107;,
  -5.077474;34.584243;6.281413;,
  -6.292574;33.552742;1.337841;,
  -5.838202;35.954982;1.345937;,
  -5.663456;35.947754;2.748666;,
  -3.768727;37.264563;3.132039;,
  -3.931043;36.683434;4.395367;,
  -4.141360;35.764275;6.532781;,
  -4.205181;35.069366;6.601075;,
  -5.077141;36.984928;1.408655;,
  -5.241114;34.036842;7.469567;,
  -4.341794;34.590051;7.798266;,
  -4.290901;33.222000;9.926819;,
  -3.220988;38.111619;1.829759;,
  -4.490213;37.860352;1.060086;,
  -3.450596;37.623280;2.186635;,
  -5.314816;36.954102;0.000344;,
  -5.762640;35.895142;0.000344;,
  -6.236650;33.612403;-0.000767;,
  -4.651370;37.832896;0.000344;,
  -4.136609;38.474307;0.940670;,
  -4.271812;38.430736;0.000344;,
  -3.782998;39.088253;0.777795;,
  -3.983333;39.102982;0.000673;,
  -3.585045;38.632064;0.426835;,
  -2.800953;38.591744;1.141491;,
  -3.005764;38.230067;0.960647;,
  -3.501865;39.031242;0.479388;,
  -3.522963;38.628349;0.000673;,
  -3.522963;39.040915;0.000673;,
  -2.991377;38.705920;1.625092;,
  0.338645;14.823677;5.243717;,
  -0.488545;16.729109;5.923486;,
  -0.616272;14.943370;5.829398;,
  0.383528;20.467389;4.754693;,
  -0.670972;22.763365;4.498049;,
  -0.526199;20.467509;5.188120;,
  0.395244;18.384106;5.007646;,
  -0.478196;18.367157;5.681850;,
  0.536438;16.624336;5.149438;,
  0.950235;14.518728;3.721072;,
  1.076772;14.504955;2.683436;,
  1.566929;26.693482;1.710063;,
  1.496681;26.048214;1.736277;,
  0.716216;23.497262;3.095520;,
  0.148613;23.422555;4.021459;,
  0.283639;22.895699;4.177493;,
  0.818312;26.754397;2.747406;,
  0.706416;25.974853;2.833517;,
  -0.091697;25.622680;3.602022;,
  -0.681463;23.104130;4.319193;,
  -1.116736;28.011395;3.731202;,
  -0.848110;26.284610;3.817728;,
  -0.855609;25.375672;3.949004;,
  -3.491817;31.908397;12.753901;,
  -4.609652;30.632522;14.008203;,
  -3.583108;31.145421;14.237661;,
  -3.535726;32.597955;11.333993;,
  -4.765679;31.370371;12.399376;,
  -4.691260;29.955168;13.708635;,
  -4.011902;32.819274;10.553685;,
  -4.773120;32.156944;10.993773;,
  -5.003133;30.601123;12.006120;,
  -3.895663;29.414118;13.404097;,
  -3.977860;29.843709;11.802895;,
  -2.912987;29.570134;13.347388;,
  -2.704638;29.864474;11.918773;,
  -2.840794;30.630077;10.605091;,
  -3.427662;30.518912;10.545636;,
  -4.405617;30.904902;10.507977;,
  -5.034110;31.406752;10.634058;,
  -3.371584;30.736950;9.852227;,
  -4.527599;31.052704;9.874533;,
  -5.208644;31.755754;10.028961;,
  -4.853167;32.412781;10.273622;,
  -5.112294;32.782592;9.552739;,
  -2.778845;30.864195;9.972586;,
  -3.526862;31.041350;9.241054;,
  -4.692732;31.426928;9.180206;,
  -4.998220;31.964858;9.375034;,
  -5.397274;32.766538;6.933898;,
  -4.712171;31.821309;6.954558;,
  -3.290642;31.477885;6.992798;,
  -2.277034;31.492234;7.012018;,
  -2.538118;31.247238;9.318122;,
  -2.076652;32.126557;5.869479;,
  -3.148739;32.102205;5.254743;,
  -2.035421;32.146477;5.115974;,
  -5.492124;33.635251;5.946072;,
  -4.765580;32.535066;5.088561;,
  -3.125239;31.915162;4.909211;,
  -3.177793;31.283446;4.824004;,
  -1.839738;31.909814;4.768450;,
  -4.822618;32.218867;4.761613;,
  -5.121912;31.288394;3.947265;,
  -4.154509;30.077699;3.471124;,
  -2.957822;29.924928;4.023623;,
  -3.788154;28.754544;2.884987;,
  -2.557664;29.030154;3.982648;,
  -1.717030;30.352048;4.213365;,
  -0.628191;39.099597;-0.240782;,
  -0.856839;38.936390;-0.468601;,
  -0.882399;39.017632;-0.125221;,
  -0.633134;39.069875;0.000033;,
  -0.319430;39.068022;-0.240782;,
  -0.324372;39.038301;0.000033;,
  0.000932;38.852886;0.000033;,
  -0.882399;39.017632;0.000033;,
  0.247049;38.560029;-0.125221;,
  0.227137;38.663690;0.000033;,
  0.247049;38.560029;0.000033;,
  0.227137;38.663690;-0.125221;,
  0.005754;38.881894;-0.150024;,
  -0.343141;38.925386;-0.432641;,
  -0.617120;38.992416;-0.435174;,
  -0.583845;38.906746;-0.468601;,
  -0.032726;38.783664;-0.350298;,
  0.162107;38.641674;-0.228930;,
  0.137443;38.574333;-0.248326;,
  0.023948;38.548522;-0.248326;,
  0.140175;38.480893;-0.125221;,
  -0.083768;38.695754;-0.388878;,
  -0.107918;38.642899;-0.354192;,
  -0.123925;38.546592;-0.125221;,
  -0.128092;38.521523;0.000033;,
  0.140175;38.480893;0.000033;,
  -0.548786;38.777398;-0.455698;,
  -0.413557;38.603379;-0.125221;,
  -0.575233;38.618282;0.000033;,
  -0.420652;38.560694;0.000033;,
  -0.381853;38.794122;-0.439300;,
  -0.351559;38.874733;-0.468601;,
  -0.814797;38.802768;-0.468601;,
  -0.747195;38.587901;-0.468601;,
  -0.747195;38.587901;0.000033;,
  -0.882399;39.017632;0.125288;,
  -0.633134;39.069875;0.000033;,
  -0.882399;39.017632;0.000033;,
  -0.628191;39.099597;0.240849;,
  -0.319430;39.068022;0.240849;,
  -0.324372;39.038301;0.000033;,
  0.000932;38.852886;0.000033;,
  -0.856839;38.936390;0.468668;,
  0.227137;38.663690;0.000033;,
  0.247049;38.560029;0.125288;,
  0.247049;38.560029;0.000033;,
  0.227137;38.663690;0.125288;,
  0.005753;38.881894;0.150091;,
  -0.343141;38.925386;0.432708;,
  -0.617120;38.992416;0.435241;,
  -0.583846;38.906746;0.468668;,
  -0.548786;38.777398;0.455765;,
  -0.351559;38.874733;0.468668;,
  -0.083769;38.695750;0.388945;,
  -0.032726;38.783664;0.350365;,
  0.162106;38.641674;0.228997;,
  0.137443;38.574333;0.248392;,
  0.023948;38.548522;0.248392;,
  0.140175;38.480893;0.125288;,
  -0.107918;38.642899;0.354259;,
  -0.123925;38.546592;0.125288;,
  -0.128092;38.521523;0.000033;,
  0.140175;38.480893;0.000033;,
  -0.381853;38.794122;0.439366;,
  -0.413557;38.603379;0.125288;,
  -0.420652;38.560694;0.000033;,
  -0.575233;38.618282;0.000033;,
  -0.814797;38.802768;0.468668;,
  -0.747195;38.587901;0.468668;,
  -0.747195;38.587901;0.000033;,
  0.474510;39.154698;-0.203022;,
  0.512054;38.933818;-0.153342;,
  0.485496;39.153552;-0.141270;,
  0.561322;38.927462;-0.156986;,
  0.540829;38.918960;-0.000989;,
  0.500751;39.151974;-0.000989;,
  0.508818;39.334336;-0.000989;,
  0.444245;39.157840;-0.261483;,
  0.501276;38.921219;-0.218554;,
  0.543618;38.915030;-0.224730;,
  0.558111;38.917168;-0.000989;,
  0.607297;39.140918;-0.152874;,
  0.589630;39.142755;-0.225384;,
  0.513352;38.957952;-0.281595;,
  0.475332;38.964605;-0.272331;,
  0.423929;39.159942;-0.297200;,
  0.470734;39.338285;-0.308084;,
  0.356014;39.350182;-0.436244;,
  0.385533;39.163930;-0.353200;,
  0.303243;39.172467;-0.415814;,
  0.357768;38.963078;-0.392867;,
  0.432535;38.918762;-0.311523;,
  0.094747;39.379536;-0.547482;,
  0.532636;39.328147;-0.351114;,
  0.562897;39.145526;-0.304639;,
  0.466230;38.911667;-0.323875;,
  0.397523;38.955354;-0.427107;,
  0.298869;38.962054;-0.432241;,
  0.071734;39.194349;-0.508120;,
