xof 0303txt 0032
template ColorRGBA {
 <35ff44e0-6c7c-11cf-8f52-0040333594a3>
 FLOAT red;
 FLOAT green;
 FLOAT blue;
 FLOAT alpha;
}

template ColorRGB {
 <d3e16e81-7835-11cf-8f52-0040333594a3>
 FLOAT red;
 FLOAT green;
 FLOAT blue;
}

template Material {
 <3d82ab4d-62da-11cf-ab39-0020af71e433>
 ColorRGBA faceColor;
 FLOAT power;
 ColorRGB specularColor;
 ColorRGB emissiveColor;
 [...]
}

template TextureFilename {
 <a42790e1-7810-11cf-8f52-0040333594a3>
 STRING filename;
}

template Frame {
 <3d82ab46-62da-11cf-ab39-0020af71e433>
 [...]
}

template Matrix4x4 {
 <f6f23f45-7686-11cf-8f52-0040333594a3>
 array FLOAT matrix[16];
}

template FrameTransformMatrix {
 <f6f23f41-7686-11cf-8f52-0040333594a3>
 Matrix4x4 frameMatrix;
}

template Vector {
 <3d82ab5e-62da-11cf-ab39-0020af71e433>
 FLOAT x;
 FLOAT y;
 FLOAT z;
}

template MeshFace {
 <3d82ab5f-62da-11cf-ab39-0020af71e433>
 DWORD nFaceVertexIndices;
 array DWORD faceVertexIndices[nFaceVertexIndices];
}

template Mesh {
 <3d82ab44-62da-11cf-ab39-0020af71e433>
 DWORD nVertices;
 array Vector vertices[nVertices];
 DWORD nFaces;
 array MeshFace faces[nFaces];
 [...]
}

template MeshNormals {
 <f6f23f43-7686-11cf-8f52-0040333594a3>
 DWORD nNormals;
 array Vector normals[nNormals];
 DWORD nFaceNormals;
 array MeshFace faceNormals[nFaceNormals];
}

template MeshMaterialList {
 <f6f23f42-7686-11cf-8f52-0040333594a3>
 DWORD nMaterials;
 DWORD nFaceIndexes;
 array DWORD faceIndexes[nFaceIndexes];
 [Material <3d82ab4d-62da-11cf-ab39-0020af71e433>]
}

template Coords2d {
 <f6f23f44-7686-11cf-8f52-0040333594a3>
 FLOAT u;
 FLOAT v;
}

template MeshTextureCoords {
 <f6f23f40-7686-11cf-8f52-0040333594a3>
 DWORD nTextureCoords;
 array Coords2d textureCoords[nTextureCoords];
}

template XSkinMeshHeader {
 <3cf169ce-ff7c-44ab-93c0-f78f62d172e2>
 WORD nMaxSkinWeightsPerVertex;
 WORD nMaxSkinWeightsPerFace;
 WORD nBones;
}

template SkinWeights {
 <6f0d123b-bad2-4167-a0d0-80224f25fabb>
 STRING transformNodeName;
 DWORD nWeights;
 array DWORD vertexIndices[nWeights];
 array FLOAT weights[nWeights];
 Matrix4x4 matrixOffset;
}

template AnimTicksPerSecond {
 <9e415a43-7ba6-4a73-8743-b73d47e88476>
 DWORD AnimTicksPerSecond;
}

template Animation {
 <3d82ab4f-62da-11cf-ab39-0020af71e433>
 [...]
}

template AnimationSet {
 <3d82ab50-62da-11cf-ab39-0020af71e433>
 [Animation <3d82ab4f-62da-11cf-ab39-0020af71e433>]
}

template FloatKeys {
 <10dd46a9-775b-11cf-8f52-0040333594a3>
 DWORD nValues;
 array FLOAT values[nValues];
}

template TimedFloatKeys {
 <f406b180-7b3b-11cf-8f52-0040333594a3>
 DWORD time;
 FloatKeys tfkeys;
}

template AnimationKey {
 <10dd46a8-775b-11cf-8f52-0040333594a3>
 DWORD keyType;
 DWORD nKeys;
 array TimedFloatKeys keys[nKeys];
}


Material General_M_Belica_Weapon_MI {
 1.000000;1.000000;1.000000;1.000000;;
 10.000000;
 0.000000;0.000000;0.000000;;
 0.000000;0.000000;0.000000;;

 TextureFilename {
  "General_M_Belica_Axe_diff.tga";
 }
}

Material General_M_Belica_MI {
 1.000000;1.000000;1.000000;1.000000;;
 10.000000;
 0.000000;0.000000;0.000000;;
 0.000000;0.000000;0.000000;;

 TextureFilename {
  "General_M_Belica_diff.tga";
 }
}

Material General_M_Belica_Head_MI {
 1.000000;1.000000;1.000000;1.000000;;
 10.000000;
 0.000000;0.000000;0.000000;;
 0.000000;0.000000;0.000000;;

 TextureFilename {
  "General_M_Belica_Head_diff.tga";
 }
}

Frame Dummy_root {
 

 FrameTransformMatrix {
  1.000000,0.000000,0.000000,0.000000,0.000000,1.000000,0.000000,0.000000,0.000000,-0.000000,1.000000,0.000000,0.000001,24.012974,0.000000,1.000000;;
 }

 Frame Bip01 {
  

  FrameTransformMatrix {
   0.994931,0.020644,-0.098416,0.000000,-0.020252,0.999783,0.004980,0.000000,0.098497,-0.002962,0.995133,0.000000,-0.989622,1.096127,0.657686,1.000000;;
  }

  Frame Bip01-Pelvis {
   

   FrameTransformMatrix {
    -0.000000,1.000000,-0.000001,0.000000,-0.000001,0.000001,1.000000,0.000000,1.000000,0.000000,0.000001,0.000000,0.000000,0.000000,0.000000,1.000000;;
   }

   Frame Bip01-Spine {
    

    FrameTransformMatrix {
     0.999999,0.000101,-0.001451,0.000000,-0.000098,0.999998,0.001884,0.000000,0.001451,-0.001884,0.999997,0.000000,1.148300,0.000002,0.297876,1.000000;;
    }

    Frame Bip01-Spine1 {
     

     FrameTransformMatrix {
      0.999219,-0.003721,-0.039336,0.000000,0.003854,0.999987,0.003297,0.000000,0.039323,-0.003446,0.999221,0.000000,0.607485,0.000011,-0.003147,1.000000;;
     }

     Frame Bip01-Spine2 {
      

      FrameTransformMatrix {
       0.999678,-0.003835,-0.025114,0.000000,0.003921,0.999987,0.003380,0.000000,0.025101,-0.003477,0.999679,0.000000,3.955309,0.000006,-0.001674,1.000000;;
      }

      Frame Bip01-Spine3 {
       

       FrameTransformMatrix {
        0.998003,-0.003684,-0.063067,0.000000,0.003891,0.999987,0.003172,0.000000,0.063054,-0.003411,0.998004,0.000000,2.102415,0.000015,-0.004400,1.000000;;
       }

       Frame Bip01-Neck {
        

        FrameTransformMatrix {
         0.998986,-0.013993,0.042803,0.000000,0.012470,0.999287,0.035635,0.000000,-0.043271,-0.035065,0.998448,0.000000,6.664223,0.000079,-0.266387,1.000000;;
        }

        Frame Bip01-Head {
         

         FrameTransformMatrix {
          0.991168,0.011247,0.132135,0.000000,-0.015252,0.999453,0.029336,0.000000,-0.131732,-0.031092,0.990798,0.000000,2.769787,0.000000,-0.000000,1.000000;;
         }
        }

        Frame Bip01-L-Clavicle {
         

         FrameTransformMatrix {
          -0.333897,0.924084,-0.185963,0.000000,0.941741,0.318567,-0.107882,0.000000,-0.040450,-0.211150,-0.976617,0.000000,-0.871323,1.546082,-0.621534,1.000000;;
         }

         Frame Bip01-L-UpperArm {
          

          FrameTransformMatrix {
           0.603732,-0.794266,0.068192,0.000000,0.794819,0.593142,-0.128244,0.000000,0.061412,0.131625,0.989395,0.000000,4.156310,0.000004,-0.000001,1.000000;;
          }

          Frame Bip01-L-Forearm {
           

           FrameTransformMatrix {
            0.986078,0.000000,-0.166282,0.000000,-0.000000,1.000000,-0.000000,0.000000,0.166282,0.000000,0.986078,0.000000,6.773534,0.000000,-0.000000,1.000000;;
           }

           Frame Bip01-L-Hand {
            

            FrameTransformMatrix {
             0.997356,-0.065664,0.031113,0.000000,-0.025692,0.081855,0.996313,0.000000,-0.067969,-0.994479,0.079952,0.000000,6.773542,0.000000,0.000000,1.000000;;
            }

            Frame Bip01-L-Finger0 {
             

             FrameTransformMatrix {
              0.745158,-0.547502,0.380764,0.000000,0.405032,-0.082038,-0.910614,0.000000,0.529801,0.832773,0.160625,0.000000,0.269077,-0.859012,0.628424,1.000000;;
             }

             Frame Bip01-L-Finger01 {
              

              FrameTransformMatrix {
               0.857371,0.000000,0.514698,0.000000,-0.000000,1.000000,-0.000000,0.000000,-0.514698,0.000000,0.857371,0.000000,1.565397,0.000001,-0.000001,1.000000;;
              }

              Frame Bip01-L-Finger02 {
               

               FrameTransformMatrix {
                0.900834,0.000000,0.434164,0.000000,0.000000,1.000000,-0.000000,0.000000,-0.434164,-0.000000,0.900834,0.000000,1.283388,-0.000001,-0.000001,1.000000;;
               }
              }
             }
            }

            Frame Bip01-L-Finger1 {
             

             FrameTransformMatrix {
              0.937959,0.028896,0.345542,0.000000,0.069285,0.960807,-0.268420,0.000000,-0.339755,0.275707,0.899195,0.000000,2.698902,-1.530733,-0.173367,1.000000;;
             }

             Frame Bip01-L-Finger11 {
              

              FrameTransformMatrix {
               0.873840,0.000000,0.486214,0.000000,-0.000000,1.000000,-0.000000,0.000000,-0.486214,0.000000,0.873840,0.000000,1.523920,-0.000001,0.000002,1.000000;;
              }

              Frame Bip01-L-Finger12 {
               

               FrameTransformMatrix {
                0.994752,-0.000000,-0.102313,0.000000,0.000000,1.000000,-0.000000,0.000000,0.102313,-0.000000,0.994753,0.000000,0.906914,-0.000000,0.000000,1.000000;;
               }
              }
             }
            }

            Frame Bip01-L-Finger2 {
             

             FrameTransformMatrix {
              0.966961,-0.020756,0.254080,0.000000,0.035620,0.997903,-0.054041,0.000000,-0.252425,0.061306,0.965672,0.000000,2.721010,-0.432169,-0.407993,1.000000;;
             }

             Frame Bip01-L-Finger21 {
              

              FrameTransformMatrix {
               0.802171,0.000000,0.597095,0.000000,-0.000000,1.000000,0.000000,0.000000,-0.597095,-0.000000,0.802171,0.000000,1.808531,0.000000,-0.000001,1.000000;;
              }

              Frame Bip01-L-Finger22 {
               

               FrameTransformMatrix {
                0.999014,0.000000,-0.044406,0.000000,0.000000,1.000000,-0.000000,0.000000,0.044406,0.000000,0.999013,0.000000,1.019749,-0.000000,-0.000002,1.000000;;
               }
              }
             }
            }

            Frame Bip01-L-Finger3 {
             

             FrameTransformMatrix {
              0.902694,0.020403,0.429798,0.000000,-0.078291,0.989990,0.117435,0.000000,-0.423100,-0.139657,0.895255,0.000000,2.795704,0.420493,-0.504517,1.000000;;
             }

             Frame Bip01-L-Finger31 {
              

              FrameTransformMatrix {
               0.885717,-0.000000,0.464226,0.000000,0.000000,1.000000,-0.000000,0.000000,-0.464226,0.000000,0.885717,0.000000,1.670763,0.000000,0.000002,1.000000;;
              }

              Frame Bip01-L-Finger32 {
               

               FrameTransformMatrix {
                0.999164,-0.000000,-0.040885,0.000000,-0.000000,1.000000,-0.000000,0.000000,0.040885,0.000000,0.999164,0.000000,0.967648,-0.000000,-0.000004,1.000000;;
               }
              }
             }
            }

            Frame Bip01-L-Finger4 {
             

             FrameTransformMatrix {
              0.921234,-0.032257,0.387668,0.000000,-0.072000,0.965200,0.251408,0.000000,-0.382287,-0.259517,0.886853,0.000000,2.652225,1.298322,-0.167740,1.000000;;
             }

             Frame Bip01-L-Finger41 {
              

              FrameTransformMatrix {
               0.951651,0.000000,0.307183,0.000000,0.000000,1.000000,-0.000000,0.000000,-0.307183,0.000000,0.951651,0.000000,1.197998,-0.000001,0.000002,1.000000;;
              }

              Frame Bip01-L-Finger42 {
               

               FrameTransformMatrix {
                0.997577,0.000000,0.069574,0.000000,0.000000,1.000000,0.000000,0.000000,-0.069574,-0.000000,0.997577,0.000000,0.622822,-0.000000,0.000000,1.000000;;
               }
              }
             }
            }
           }

           Frame L_Elbow {
            

            FrameTransformMatrix {
             0.996513,0.000000,0.083432,0.000000,0.000000,1.000000,0.000000,0.000000,-0.083432,-0.000000,0.996514,0.000000,0.000004,-0.000004,0.000000,1.000000;;
            }
           }

           Frame Bip01-L-ForeTwist {
            

            FrameTransformMatrix {
             1.000000,-0.000000,0.000000,0.000000,0.000000,0.999160,-0.040975,0.000000,0.000000,0.040975,0.999160,0.000000,0.000000,0.000000,0.000000,1.000000;;
            }
           }
          }

          Frame L_Shoulder {
           

           FrameTransformMatrix {
            0.895401,0.444427,0.027260,0.000000,-0.444178,0.887276,0.124291,0.000000,0.031051,-0.123399,0.991871,0.000000,-0.000004,0.000000,-0.000000,1.000000;;
           }

           Frame Acc_L_Shoulder {
            

            FrameTransformMatrix {
             0.913287,-0.380262,0.145976,0.000000,0.086802,-0.168452,-0.981881,0.000000,0.397961,0.909409,-0.120838,0.000000,-1.972549,2.993050,-0.971143,1.000000;;
            }
           }
          }

          Frame L_Shoulder_Twist {
           

           FrameTransformMatrix {
            1.000000,-0.000001,0.000000,0.000000,0.000001,0.997917,0.064509,0.000000,-0.000000,-0.064509,0.997917,0.000000,0.000000,0.000002,0.000000,1.000000;;
           }
          }
         }
        }

        Frame Bip01-R-Clavicle {
         

         FrameTransformMatrix {
          -0.108434,-0.993399,-0.037427,0.000000,-0.993102,0.106558,0.048929,0.000000,-0.044618,0.042474,-0.998101,0.000000,-0.827133,-1.609765,-0.510789,1.000000;;
         }

         Frame Bip01-R-UpperArm {
          

          FrameTransformMatrix {
           0.822111,0.356680,-0.443750,0.000000,-0.534742,0.751280,-0.386819,0.000000,0.195410,0.555300,0.808367,0.000000,4.156310,-0.000008,-0.000000,1.000000;;
          }

          Frame Bip01-R-Forearm {
           

           FrameTransformMatrix {
            0.579079,-0.000000,-0.815271,0.000000,0.000000,1.000000,-0.000000,0.000000,0.815271,-0.000000,0.579079,0.000000,6.773539,0.000002,0.000004,1.000000;;
           }

           Frame Bip01-R-Hand {
            

            FrameTransformMatrix {
             0.980690,0.127376,-0.148404,0.000000,-0.017181,-0.699778,-0.714154,0.000000,-0.194815,0.702913,-0.684076,0.000000,6.773538,0.000000,0.000002,1.000000;;
            }

            Frame Bip01-R-Finger0 {
             

             FrameTransformMatrix {
              0.410889,0.549064,0.727804,0.000000,-0.167720,-0.739156,0.652317,0.000000,0.896125,-0.390097,-0.211622,0.000000,0.269077,0.859016,0.628422,1.000000;;
             }

             Frame Bip01-R-Finger01 {
              

              FrameTransformMatrix {
               0.664182,0.000000,0.747571,0.000000,0.000000,1.000000,0.000000,0.000000,-0.747572,0.000000,0.664182,0.000000,1.565401,0.000000,-0.000002,1.000000;;
              }

              Frame Bip01-R-Finger02 {
               

               FrameTransformMatrix {
                0.361611,0.000000,0.932329,0.000000,-0.000000,1.000000,-0.000000,0.000000,-0.932329,0.000000,0.361611,0.000000,1.283388,0.000000,-0.000001,1.000000;;
               }
              }
             }
            }

            Frame Bip01-R-Finger1 {
             

             FrameTransformMatrix {
              0.835571,-0.091103,0.541776,0.000000,0.071660,0.995803,0.056931,0.000000,-0.544688,-0.008747,0.838593,0.000000,2.698910,1.530739,-0.173367,1.000000;;
             }

             Frame Bip01-R-Finger11 {
              

              FrameTransformMatrix {
               0.202064,0.000000,0.979373,0.000000,-0.000000,1.000000,0.000000,0.000000,-0.979372,-0.000000,0.202064,0.000000,1.523918,-0.000004,0.000002,1.000000;;
              }

              Frame Bip01-R-Finger12 {
               

               FrameTransformMatrix {
                0.726838,0.000000,0.686808,0.000000,0.000000,1.000000,0.000000,0.000000,-0.686809,0.000000,0.726838,0.000000,0.906921,0.000000,0.000000,1.000000;;
               }
              }
             }
            }

            Frame Bip01-R-Finger2 {
             

             FrameTransformMatrix {
              0.685644,-0.003721,0.727927,0.000000,0.034424,0.999034,-0.027317,0.000000,-0.727122,0.043788,0.685110,0.000000,2.721016,0.432182,-0.407994,1.000000;;
             }

             Frame Bip01-R-Finger21 {
              

              FrameTransformMatrix {
               0.264774,0.000000,0.964311,0.000000,-0.000000,1.000000,-0.000000,0.000000,-0.964311,-0.000000,0.264774,0.000000,1.808530,0.000004,0.000000,1.000000;;
              }

              Frame Bip01-R-Finger22 {
               

               FrameTransformMatrix {
                0.715375,0.000000,0.698741,0.000000,-0.000000,1.000000,-0.000000,0.000000,-0.698741,0.000000,0.715375,0.000000,1.019753,0.000000,-0.000001,1.000000;;
               }
              }
             }
            }

            Frame Bip01-R-Finger3 {
             

             FrameTransformMatrix {
              0.447318,0.070389,0.891601,0.000000,0.078293,0.989989,-0.117436,0.000000,-0.890941,0.122337,0.437329,0.000000,2.795704,-0.420492,-0.504519,1.000000;;
             }

             Frame Bip01-R-Finger31 {
              

              FrameTransformMatrix {
               0.408532,-0.000000,0.912744,0.000000,0.000000,1.000000,-0.000000,0.000000,-0.912744,-0.000000,0.408532,0.000000,1.670763,0.000008,-0.000002,1.000000;;
              }

              Frame Bip01-R-Finger32 {
               

               FrameTransformMatrix {
                0.810206,0.000000,0.586145,0.000000,0.000000,1.000000,0.000000,0.000000,-0.586145,-0.000000,0.810206,0.000000,0.967644,0.000000,0.000000,1.000000;;
               }
              }
             }
            }

            Frame Bip01-R-Finger4 {
             

             FrameTransformMatrix {
              0.484273,0.186526,0.854803,0.000000,0.072001,0.965200,-0.251407,0.000000,-0.871949,0.183296,0.453990,0.000000,2.652222,-1.298321,-0.167742,1.000000;;
             }

             Frame Bip01-R-Finger41 {
              

              FrameTransformMatrix {
               0.554769,-0.000000,0.832004,0.000000,0.000000,1.000000,0.000000,0.000000,-0.832004,0.000000,0.554769,0.000000,1.198000,0.000004,0.000000,1.000000;;
              }

              Frame Bip01-R-Finger42 {
               

               FrameTransformMatrix {
                0.738396,-0.000000,0.674368,0.000000,-0.000000,1.000000,0.000000,0.000000,-0.674368,-0.000000,0.738396,0.000000,0.622826,0.000000,0.000000,1.000000;;
               }
              }
             }
            }

            Frame R_Sword {
             

             FrameTransformMatrix {
              0.787282,-0.307370,0.534519,0.000000,0.342980,0.938704,0.034625,0.000000,-0.512398,0.156070,0.844447,0.000000,0.997814,-2.729719,1.041128,1.000000;;
             }
            }
           }

           Frame R_Elbow {
            

            FrameTransformMatrix {
             0.888560,0.000000,0.458760,0.000000,-0.000000,1.000000,0.000000,0.000000,-0.458759,-0.000000,0.888560,0.000000,-0.000002,0.000000,0.000000,1.000000;;
            }
           }

           Frame Bip01-R-ForeTwist {
            

            FrameTransformMatrix {
             1.000000,-0.000000,0.000000,0.000000,0.000000,0.925813,-0.377982,0.000000,0.000000,0.377982,0.925813,0.000000,0.000000,0.000000,0.000000,1.000000;;
            }
           }
          }

          Frame R_Shoulder {
           

           FrameTransformMatrix {
            0.954149,-0.276373,0.114967,0.000000,0.197578,0.870019,0.451698,0.000000,-0.224861,-0.408272,0.884732,0.000000,-0.000001,0.000000,0.000000,1.000000;;
           }

           Frame Acc_R_Shoulder {
            

            FrameTransformMatrix {
             0.946435,0.297204,0.126218,0.000000,-0.208486,0.263980,0.941726,0.000000,0.246565,-0.917597,0.311803,0.000000,-1.972208,-2.993313,-0.971155,1.000000;;
            }
           }
          }

          Frame R_Shoulder_Twist {
           

           FrameTransformMatrix {
            1.000000,0.000000,-0.000000,0.000000,0.000000,0.972963,0.230963,0.000000,0.000000,-0.230963,0.972963,0.000000,0.000001,0.000000,-0.000002,1.000000;;
           }
          }
         }
        }

        Frame Dummy_Neck {
         

         FrameTransformMatrix {
          1.000000,-0.000000,-0.000001,0.000000,0.000000,1.000000,-0.000004,0.000000,0.000001,0.000003,1.000000,0.000000,0.000004,-0.000008,-0.000001,1.000000;;
         }

         Frame Dummy_Face {
          

          FrameTransformMatrix {
           0.991168,0.011246,0.132136,0.000000,-0.015252,0.999453,0.029340,0.000000,-0.131733,-0.031096,0.990797,0.000000,2.769787,0.000012,0.000000,1.000000;;
          }

          Frame Facial_Glabella_L {
           

           FrameTransformMatrix {
            -0.132195,0.295113,0.946274,0.000000,0.572846,-0.756341,0.315906,0.000000,0.808933,0.583830,-0.069070,0.000000,2.100159,0.062128,1.305280,1.000000;;
           }
          }

          Frame Facial_Eyebrow_L {
           

           FrameTransformMatrix {
            -0.265088,0.751882,0.603658,0.000000,0.074660,-0.608170,0.790288,0.000000,0.961329,0.254565,0.105083,0.000000,2.359695,0.251808,1.362780,1.000000;;
           }
          }

          Frame Facial_Cheek_L {
           

           FrameTransformMatrix {
            0.001428,0.471393,0.881922,0.000000,0.039342,-0.881267,0.470979,0.000000,0.999225,0.034024,-0.019804,0.000000,1.130505,0.434159,1.079070,1.000000;;
           }
          }

          Frame Facial_Cheek_R {
           

           FrameTransformMatrix {
            0.001432,-0.471407,0.881914,0.000000,0.039351,0.881259,0.470993,0.000000,-0.999225,0.034030,0.019812,0.000000,1.130501,-0.434063,1.079070,1.000000;;
           }
          }

          Frame Facial_Glabella_R {
           

           FrameTransformMatrix {
            -0.132195,-0.295113,0.946273,0.000000,-0.572846,-0.756341,-0.315906,0.000000,0.808933,-0.583830,-0.069070,0.000000,2.100163,-0.062053,1.305280,1.000000;;
           }
          }

          Frame Facial_Ridge_R {
           

           FrameTransformMatrix {
            -0.135347,-0.078750,0.987664,0.000000,0.203906,-0.977712,-0.050013,0.000000,0.969589,0.194622,0.148388,0.000000,1.591190,-0.184343,1.089340,1.000000;;
           }
          }

          Frame Facial_Nose_R {
           

           FrameTransformMatrix {
            0.061415,-0.105248,0.992548,0.000000,0.044960,0.993707,0.102589,0.000000,-0.997099,0.038324,0.065761,0.000000,0.749413,-0.365933,1.621320,1.000000;;
           }
          }

          Frame Facial_Nose_L {
           

           FrameTransformMatrix {
            0.062736,0.105601,0.992428,0.000000,0.049903,-0.993475,0.102558,0.000000,0.996782,0.043091,-0.067596,0.000000,0.751450,0.366469,1.621140,1.000000;;
           }
          }

          Frame Facial_Eyebrow_R {
           

           FrameTransformMatrix {
            -0.265088,-0.751882,0.603658,0.000000,-0.074660,-0.608170,-0.790288,0.000000,0.961330,-0.254565,0.105083,0.000000,2.359692,-0.252206,1.362780,1.000000;;
           }
          }

          Frame Facial_Ridge_L {
           

           FrameTransformMatrix {
            -0.135346,0.078751,0.987664,0.000000,-0.203906,-0.977712,0.050015,0.000000,0.969590,-0.194622,0.148387,0.000000,1.591183,0.184030,1.089340,1.000000;;
           }
          }

          Frame Facial_Dum_Eye_L {
           

           FrameTransformMatrix {
            1.000000,-0.000000,0.000000,0.000000,-0.000000,1.000000,0.000000,0.000000,0.000000,-0.000000,1.000000,0.000000,1.654068,0.633772,1.543790,1.000000;;
           }

           Frame Facial_Eyelid_Upper_L {
            

            FrameTransformMatrix {
             0.314534,0.218445,0.923770,0.000000,0.021365,-0.974544,0.223177,0.000000,0.949006,-0.050460,-0.311194,0.000000,0.007778,-0.011650,-0.051623,1.000000;;
            }
           }

           Frame Facial_Eye_L {
            

            FrameTransformMatrix {
             0.139179,0.138183,0.980579,0.000000,0.009305,-0.990355,0.138240,0.000000,0.990224,-0.010115,-0.139122,0.000000,0.000000,0.000000,0.000000,1.000000;;
            }
           }

           Frame Facial_Eyelid_Lower_L {
            

            FrameTransformMatrix {
             -0.133317,0.218454,0.966698,0.000000,0.021367,-0.974545,0.223174,0.000000,0.990843,0.050409,0.125255,0.000000,-0.052025,-0.011650,-0.045895,1.000000;;
            }
           }
          }

          Frame Facial_Dum_Eye_R {
           

           FrameTransformMatrix {
            1.000000,-0.000000,0.000000,0.000000,-0.000000,1.000000,0.000000,0.000000,0.000000,-0.000000,1.000000,0.000000,1.654079,-0.634065,1.543790,1.000000;;
           }

           Frame Facial_Eyelid_Upper_R {
            

            FrameTransformMatrix {
             0.314534,-0.218442,0.923770,0.000000,-0.021381,-0.974545,-0.223168,0.000000,0.949005,0.050443,-0.311198,0.000000,0.007401,0.011650,-0.051587,1.000000;;
            }
           }

           Frame Facial_Eye_R {
            

            FrameTransformMatrix {
             0.139173,-0.138180,0.980580,0.000000,-0.009323,-0.990356,-0.138235,0.000000,0.990224,0.010097,-0.139119,0.000000,0.000000,0.000000,0.000000,1.000000;;
            }
           }

           Frame Facial_Eyelid_Lower_R {
            

            FrameTransformMatrix {
             -0.133313,-0.218453,0.966698,0.000000,-0.021367,-0.974545,-0.223173,0.000000,0.990844,-0.050407,0.125252,0.000000,-0.052414,0.011650,-0.045857,1.000000;;
            }
           }
          }

          Frame Facial_Dum_Nose {
           

           FrameTransformMatrix {
            1.000000,-0.000000,0.000000,0.000000,-0.000000,1.000000,0.000000,0.000000,0.000000,-0.000000,1.000000,0.000000,0.916546,-0.000004,2.534769,1.000000;;
           }
          }

          Frame Facial_Dum_Upperlip {
           

           FrameTransformMatrix {
            1.000000,-0.000000,0.000000,0.000000,-0.000000,1.000000,0.000000,0.000000,0.000000,-0.000000,1.000000,0.000000,0.358933,0.000000,1.730319,1.000000;;
           }

           Frame Facial_Lip_Upper_R {
            

            FrameTransformMatrix {
             0.047686,-0.358850,0.932176,0.000000,0.059322,0.932608,0.355982,0.000000,-0.997099,0.038324,0.065760,0.000000,-0.204556,-0.107237,-0.267060,1.000000;;
            }
           }

           Frame Facial_Lip_Upper_L {
            

            FrameTransformMatrix {
             0.047676,0.359130,0.932069,0.000000,0.064446,-0.932292,0.355920,0.000000,0.996782,0.043099,-0.067593,0.000000,-0.204578,0.107221,-0.267222,1.000000;;
            }
           }

           Frame Facial_Lip_Out_L {
            

            FrameTransformMatrix {
             -0.040383,0.603709,0.796182,0.000000,0.050431,-0.794585,0.605056,0.000000,0.997911,0.064587,0.001642,0.000000,-0.295017,0.035400,-0.380348,1.000000;;
            }
           }

           Frame Facial_Lip_Out_R {
            

            FrameTransformMatrix {
             -0.040381,-0.603710,0.796181,0.000000,0.050429,0.794584,0.605057,0.000000,-0.997911,0.064583,-0.001642,0.000000,-0.295021,-0.035215,-0.380349,1.000000;;
            }
           }

           Frame Facial_Lip_Upper_C {
            

            FrameTransformMatrix {
             -0.013035,-0.000493,0.999915,0.000000,0.000490,-1.000000,-0.000486,0.000000,0.999915,0.000484,0.013035,0.000000,-0.134239,-0.000035,-0.748755,1.000000;;
            }
           }
          }

          Frame Facial_Dum_Ear_L {
           

           FrameTransformMatrix {
            1.000000,-0.000000,0.000000,0.000000,-0.000000,1.000000,0.000000,0.000000,0.000000,-0.000000,1.000000,0.000000,1.238361,1.589080,0.445775,1.000000;;
           }
          }

          Frame Facial_Dum_Ear_R {
           

           FrameTransformMatrix {
            1.000000,-0.000000,0.000000,0.000000,-0.000000,1.000000,0.000000,0.000000,0.000000,-0.000000,1.000000,0.000000,1.238373,-1.589060,0.445779,1.000000;;
           }
          }

          Frame Facial_Dum_Jaw {
           

           FrameTransformMatrix {
            1.000000,-0.000000,0.000000,0.000000,-0.000000,1.000000,0.000000,0.000000,0.000000,-0.000000,1.000000,0.000000,0.621277,-0.000002,0.486580,1.000000;;
           }

           Frame Facial_Jaw {
            

            FrameTransformMatrix {
             -0.395224,0.000408,0.918585,0.000000,-0.000408,-1.000000,0.000268,0.000000,0.918585,-0.000269,0.395224,0.000000,-0.454784,-0.000052,-0.059083,1.000000;;
            }

            Frame Facial_Dum_Lowerlip {
             

             FrameTransformMatrix {
              1.000000,-0.000000,0.000000,0.000000,-0.000000,1.000000,0.000000,0.000000,0.000000,-0.000000,1.000000,0.000000,0.803814,-0.000000,0.093700,1.000000;;
             }

             Frame Facial_Lip_Lower_L {
              

              FrameTransformMatrix {
               0.877594,-0.363216,0.312894,0.000000,0.310608,0.927947,0.206003,0.000000,-0.365173,-0.083600,0.927178,0.000000,0.187510,-0.113442,0.164246,1.000000;;
              }
             }

             Frame Facial_Lip_Lower_C {
              

              FrameTransformMatrix {
               0.922578,-0.000096,0.385811,0.000000,0.000096,-1.000000,-0.000479,0.000000,0.385811,0.000479,-0.922578,0.000000,-0.239893,-0.000015,-0.051456,1.000000;;
              }
             }

             Frame Facial_Lip_Lower_R {
              

              FrameTransformMatrix {
               0.877575,0.363266,0.312890,0.000000,0.312536,-0.928347,0.201230,0.000000,0.363570,-0.078805,-0.928227,0.000000,0.187487,0.113860,0.164261,1.000000;;
              }
             }
            }
           }
          }
         }
        }
       }

       Frame Acc_LB_Manteau_00 {
        

        FrameTransformMatrix {
         -0.914078,0.138939,-0.380996,0.000000,-0.058421,-0.974795,-0.215319,0.000000,-0.401309,-0.174560,0.899155,0.000000,5.845470,4.762940,-5.450802,1.000000;;
        }

        Frame Acc_LB_Manteau_01 {
         

         FrameTransformMatrix {
          0.963186,0.086442,0.254558,0.000000,-0.019277,0.966665,-0.255318,0.000000,-0.268143,0.241012,0.932745,0.000000,8.254390,-0.000001,-0.000002,1.000000;;
         }

         Frame Acc_LB_Manteau_02 {
          

          FrameTransformMatrix {
           0.999975,-0.002173,-0.006684,0.000000,0.002222,0.999971,0.007344,0.000000,0.006668,-0.007359,0.999951,0.000000,7.410744,0.000002,0.000006,1.000000;;
          }

          Frame Acc_LB_Manteau_03 {
           

           FrameTransformMatrix {
            0.999929,0.008416,-0.008407,0.000000,-0.008103,0.999297,0.036615,0.000000,0.008709,-0.036544,0.999294,0.000000,8.957243,-0.000001,-0.000002,1.000000;;
           }
          }
         }
        }
       }

       Frame Acc_RB_Manteau_00 {
        

        FrameTransformMatrix {
         -0.975749,-0.100966,-0.194218,0.000000,0.033030,-0.945022,0.325335,0.000000,-0.216388,0.311030,0.925438,0.000000,5.845467,-4.762873,-5.450788,1.000000;;
        }

        Frame Acc_RB_Manteau_01 {
         

         FrameTransformMatrix {
          0.994398,-0.073817,0.075659,0.000000,0.057729,0.978848,0.196277,0.000000,-0.088547,-0.190810,0.977625,0.000000,8.254397,0.000001,0.000001,1.000000;;
         }

         Frame Acc_RB_Manteau_02 {
          

          FrameTransformMatrix {
           0.999901,0.010223,-0.009716,0.000000,-0.009829,0.999163,0.039715,0.000000,0.010114,-0.039616,0.999164,0.000000,7.410744,-0.000001,0.000010,1.000000;;
          }

          Frame Acc_RB_Manteau_03 {
           

           FrameTransformMatrix {
            0.999942,0.001994,-0.010607,0.000000,-0.001856,0.999913,0.013044,0.000000,0.010632,-0.013024,0.999859,0.000000,8.957245,0.000001,0.000001,1.000000;;
           }
          }
         }
        }
       }

       Frame Acc_CB_Manteau_00 {
        

        FrameTransformMatrix {
         -0.937787,-0.007827,-0.347124,0.000000,0.007341,-0.999969,0.002716,0.000000,-0.347134,-0.000002,0.937816,0.000000,5.748917,-0.000060,-6.133853,1.000000;;
        }

        Frame Acc_CB_Manteau_01 {
         

         FrameTransformMatrix {
          0.975325,-0.001050,0.220772,0.000000,-0.011168,0.998474,0.054088,0.000000,-0.220492,-0.055219,0.973824,0.000000,8.254387,-0.000000,0.000002,1.000000;;
         }

         Frame Acc_CB_Manteau_02 {
          

          FrameTransformMatrix {
           0.999364,0.023151,-0.027117,0.000000,-0.022471,0.999432,0.025125,0.000000,0.027684,-0.024500,0.999317,0.000000,7.412344,0.000000,0.000009,1.000000;;
          }

          Frame Acc_CB_Manteau_03 {
           

           FrameTransformMatrix {
            0.999710,0.015054,-0.018823,0.000000,-0.014283,0.999081,0.040422,0.000000,0.019414,-0.040142,0.999006,0.000000,8.957246,0.000000,-0.000001,1.000000;;
           }
          }
         }
        }
       }

       Frame Acc_Emblem_00 {
        

        FrameTransformMatrix {
         -0.932214,0.246739,-0.264759,0.000000,0.361886,0.643665,-0.674339,0.000000,0.004031,-0.724441,-0.689325,0.000000,6.863289,3.368943,7.405442,1.000000;;
        }

        Frame Acc_Emblem_01 {
         

         FrameTransformMatrix {
          0.960217,-0.254154,0.115713,0.000000,0.251331,0.967131,0.038613,0.000000,-0.121723,-0.007994,0.992532,0.000000,4.175575,0.000002,0.000006,1.000000;;
         }

         Frame Acc_Emblem_02 {
          

          FrameTransformMatrix {
           0.997090,-0.073178,0.021392,0.000000,0.071934,0.995942,0.054089,0.000000,-0.025263,-0.052393,0.998307,0.000000,3.338985,-0.000000,0.000001,1.000000;;
          }
         }
        }
       }
      }
     }
    }

    Frame Bip01-L-Thigh {
     

     FrameTransformMatrix {
      -0.986370,0.154038,-0.057856,0.000000,-0.164540,-0.920656,0.354005,0.000000,0.001265,0.358699,0.933453,0.000000,-1.147629,2.333389,-0.303934,1.000000;;
     }

     Frame Bip01-L-Calf {
      

      FrameTransformMatrix {
       0.986479,0.000000,-0.163889,0.000000,0.000000,1.000000,0.000000,0.000000,0.163889,0.000000,0.986479,0.000000,11.699802,0.000000,0.000000,1.000000;;
      }

      Frame Bip01-L-Foot {
       

       FrameTransformMatrix {
        0.982556,0.142682,0.119271,0.000000,-0.166839,0.959635,0.226418,0.000000,-0.082151,-0.242367,0.966700,0.000000,10.890699,0.000000,0.000001,1.000000;;
       }

       Frame Bip01-L-Toe0 {
        

        FrameTransformMatrix {
         -0.000000,-0.000001,1.000000,0.000000,-0.000000,1.000000,0.000001,0.000000,-1.000000,-0.000000,0.000000,0.000000,2.733366,0.000004,3.010724,1.000000;;
        }
       }
      }

      Frame L_Knee {
       

       FrameTransformMatrix {
        0.996614,-0.000000,0.082223,0.000000,0.000000,1.000000,-0.000000,0.000000,-0.082223,-0.000000,0.996614,0.000000,0.000001,-0.000002,-0.000000,1.000000;;
       }
      }

      Frame Bip01-LCalfTwist {
       

       FrameTransformMatrix {
        1.000000,-0.000000,0.000000,0.000000,-0.000000,0.993297,0.115593,0.000000,0.000000,-0.115593,0.993297,0.000000,0.000000,0.000000,0.000000,1.000000;;
       }
      }
     }

     Frame L_Thigh {
      

      FrameTransformMatrix {
       0.999887,0.015000,-0.000997,0.000000,-0.014959,0.986134,-0.165273,0.000000,-0.001496,0.165269,0.986247,0.000000,0.007364,-0.014733,0.000000,1.000000;;
      }
     }

     Frame Skirt_L_Leg {
      

      FrameTransformMatrix {
       1.000000,0.000000,0.000000,0.000000,0.000000,1.000000,0.000000,0.000000,0.000000,-0.000000,1.000000,0.000000,6.022558,-0.000002,0.000001,1.000000;;
      }
     }
    }

    Frame Bip01-R-Thigh {
     

     FrameTransformMatrix {
      -0.996076,-0.087392,0.014000,0.000000,0.085663,-0.991713,-0.095746,0.000000,0.022251,-0.094171,0.995307,0.000000,-1.148094,-2.334291,-0.295148,1.000000;;
     }

     Frame Bip01-R-Calf {
      

      FrameTransformMatrix {
       0.976601,-0.000000,-0.215061,0.000000,0.000000,1.000000,0.000000,0.000000,0.215061,-0.000000,0.976601,0.000000,11.699804,-0.000000,0.000000,1.000000;;
      }

      Frame Bip01-R-Foot {
       

       FrameTransformMatrix {
        0.981515,-0.096562,0.165236,0.000000,0.082919,0.992701,0.087576,0.000000,-0.172487,-0.072256,0.982358,0.000000,10.890699,0.000000,0.000000,1.000000;;
       }

       Frame Bip01-R-Toe0 {
        

        FrameTransformMatrix {
         0.000000,-0.000000,1.000000,0.000000,0.000000,1.000000,0.000000,0.000000,-1.000000,0.000000,-0.000000,0.000000,2.733368,-0.000006,3.010801,1.000000;;
        }
       }
      }

      Frame R_Knee {
       

       FrameTransformMatrix {
        0.994133,0.000000,0.108165,0.000000,-0.000000,1.000000,0.000000,0.000000,-0.108165,0.000000,0.994133,0.000000,-0.000001,-0.000002,-0.000000,1.000000;;
       }
      }

      Frame Bip01-RCalfTwist {
       

       FrameTransformMatrix {
        1.000000,0.000000,0.000000,0.000000,-0.000000,0.999032,0.043982,0.000000,-0.000000,-0.043982,0.999032,0.000000,0.000000,0.000000,0.000000,1.000000;;
       }
      }
     }

     Frame R_Thigh {
      

      FrameTransformMatrix {
       0.999290,0.021535,-0.030921,0.000000,-0.020488,0.999220,0.033774,0.000000,0.031624,-0.033117,0.998951,0.000000,0.015997,0.000000,0.031983,1.000000;;
      }
     }

     Frame Skirt_R_Leg {
      

      FrameTransformMatrix {
       1.000000,0.000000,0.000000,0.000000,0.000000,1.000000,0.000001,0.000000,0.000000,-0.000001,1.000000,0.000000,6.022562,0.000002,0.000003,1.000000;;
      }
     }
    }

    Frame Skirt_Dummy {
     

     FrameTransformMatrix {
      -1.000000,-0.000488,0.000796,0.000000,0.000488,-1.000000,0.000001,0.000000,0.000796,0.000001,1.000000,0.000000,0.809225,-0.000057,-0.105988,1.000000;;
     }

     Frame Skirt_CF_00 {
      

      FrameTransformMatrix {
       0.926464,0.001957,0.376377,0.000000,-0.026357,-0.997194,0.070065,0.000000,0.375458,-0.074833,-0.923813,0.000000,1.201763,-0.000004,3.272110,1.000000;;
      }
     }

     Frame Skirt_CB_00 {
      

      FrameTransformMatrix {
       0.918994,-0.000003,-0.394271,0.000000,0.000002,1.000000,-0.000001,0.000000,0.394271,0.000000,0.918994,0.000000,0.450789,-0.000004,-4.536794,1.000000;;
      }
     }
    }
   }
  }
 }
}

Frame Belica_skel {
 

 FrameTransformMatrix {
  1.000000,0.000000,0.000000,0.000000,0.000000,1.000000,0.000000,0.000000,0.000000,0.000000,1.000000,0.000000,0.000000,0.000000,0.000000,1.000000;;
 }

 Mesh Belica_skel {
  8185;
  -35.446832;27.109206;-21.870523;,
  -35.283882;27.786141;-22.305667;,
  -35.286218;26.980477;-22.464176;,
  -35.443536;28.248685;-21.646350;,
  -35.512016;27.634528;-21.531696;,
  -35.512016;27.634528;-21.531696;,
  -35.446832;27.109206;-21.870523;,
  -35.910218;27.633027;-21.517682;,
  -35.835174;27.028243;-21.907757;,
  -36.481619;26.699835;-20.851845;,
  -35.286218;26.980477;-22.464176;,
  -35.124230;27.323594;-22.964997;,
  -35.650237;26.880016;-22.591286;,
  -35.463792;27.274957;-23.167747;,
  -35.736595;26.102571;-23.605520;,
  23.080381;23.740598;-7.944641;,
  21.992251;25.125629;-9.767122;,
  23.262246;24.987648;-9.363234;,
  24.673512;25.016208;-9.049374;,
  24.890746;23.948622;-7.846132;,
  23.579403;25.935408;-9.906938;,
  22.357850;26.041685;-10.413919;,
  20.080259;26.595635;-11.828142;,
  21.489411;26.349760;-11.056944;,
  20.648371;25.527451;-10.366878;,
  23.787800;26.627486;-11.275686;,
  25.128581;26.307202;-10.633027;,
  26.199870;25.419957;-9.875728;,
  27.427152;23.640645;-6.609585;,
  24.492539;22.618226;-5.886776;,
  22.727272;26.924256;-12.063265;,
  21.196493;27.032947;-12.072542;,
  19.624408;27.498714;-13.227871;,
  27.504557;26.243248;-11.052427;,
  28.508566;25.026405;-8.384747;,
  25.493578;26.816160;-11.766228;,
  23.883330;26.952403;-12.448659;,
  22.359845;27.600278;-13.100010;,
  21.291645;27.564259;-13.167160;,
  24.408802;28.682925;-14.024890;,
  24.350005;28.009939;-13.690482;,
  22.907418;28.456595;-14.073122;,
  20.367622;28.226557;-14.215910;,
  22.000186;30.464099;-15.437296;,
  25.288053;30.416746;-14.731350;,
  26.233618;28.512890;-13.528632;,
  26.172866;27.851872;-13.040682;,
  27.866387;27.676480;-12.898653;,
  27.002083;31.421174;-15.958904;,
  27.747555;30.380192;-14.201517;,
  29.721792;30.240742;-13.605506;,
  27.720141;28.443878;-13.155016;,
  21.203571;31.272282;-16.843582;,
  19.584690;30.402669;-15.806746;,
  29.621619;27.272464;-11.925701;,
  29.768474;28.337718;-12.589231;,
  31.946278;30.170019;-13.067902;,
  30.995805;28.282461;-12.266081;,
  32.348189;28.062211;-11.637242;,
  31.778262;27.995718;-11.910543;,
  32.211021;27.601424;-10.867534;,
  33.664086;30.975328;-13.986008;,
  34.290528;29.816250;-12.068417;,
  35.704397;29.626944;-11.502910;,
  33.161213;27.684691;-10.775562;,
  33.974243;27.307181;-9.913894;,
  33.599546;27.375715;-9.530266;,
  32.954131;27.108483;-9.295751;,
  32.060851;26.847904;-9.109124;,
  30.923946;26.633069;-9.984053;,
  32.188813;27.079462;-11.050274;,
  30.370678;26.784120;-10.648359;,
  31.747376;27.279155;-11.347269;,
  30.636950;27.428486;-11.751774;,
  34.938240;27.424883;-9.520132;,
