xof 0303txt 0032
template ColorRGBA {
 <35ff44e0-6c7c-11cf-8f52-0040333594a3>
 FLOAT red;
 FLOAT green;
 FLOAT blue;
 FLOAT alpha;
}

template ColorRGB {
 <d3e16e81-7835-11cf-8f52-0040333594a3>
 FLOAT red;
 FLOAT green;
 FLOAT blue;
}

template Material {
 <3d82ab4d-62da-11cf-ab39-0020af71e433>
 ColorRGBA faceColor;
 FLOAT power;
 ColorRGB specularColor;
 ColorRGB emissiveColor;
 [...]
}

template TextureFilename {
 <a42790e1-7810-11cf-8f52-0040333594a3>
 STRING filename;
}

template Frame {
 <3d82ab46-62da-11cf-ab39-0020af71e433>
 [...]
}

template Matrix4x4 {
 <f6f23f45-7686-11cf-8f52-0040333594a3>
 array FLOAT matrix[16];
}

template FrameTransformMatrix {
 <f6f23f41-7686-11cf-8f52-0040333594a3>
 Matrix4x4 frameMatrix;
}

template Vector {
 <3d82ab5e-62da-11cf-ab39-0020af71e433>
 FLOAT x;
 FLOAT y;
 FLOAT z;
}

template MeshFace {
 <3d82ab5f-62da-11cf-ab39-0020af71e433>
 DWORD nFaceVertexIndices;
 array DWORD faceVertexIndices[nFaceVertexIndices];
}

template Mesh {
 <3d82ab44-62da-11cf-ab39-0020af71e433>
 DWORD nVertices;
 array Vector vertices[nVertices];
 DWORD nFaces;
 array MeshFace faces[nFaces];
 [...]
}

template MeshNormals {
 <f6f23f43-7686-11cf-8f52-0040333594a3>
 DWORD nNormals;
 array Vector normals[nNormals];
 DWORD nFaceNormals;
 array MeshFace faceNormals[nFaceNormals];
}

template MeshMaterialList {
 <f6f23f42-7686-11cf-8f52-0040333594a3>
 DWORD nMaterials;
 DWORD nFaceIndexes;
 array DWORD faceIndexes[nFaceIndexes];
 [Material <3d82ab4d-62da-11cf-ab39-0020af71e433>]
}

template Coords2d {
 <f6f23f44-7686-11cf-8f52-0040333594a3>
 FLOAT u;
 FLOAT v;
}

template MeshTextureCoords {
 <f6f23f40-7686-11cf-8f52-0040333594a3>
 DWORD nTextureCoords;
 array Coords2d textureCoords[nTextureCoords];
}

template XSkinMeshHeader {
 <3cf169ce-ff7c-44ab-93c0-f78f62d172e2>
 WORD nMaxSkinWeightsPerVertex;
 WORD nMaxSkinWeightsPerFace;
 WORD nBones;
}

template SkinWeights {
 <6f0d123b-bad2-4167-a0d0-80224f25fabb>
 STRING transformNodeName;
 DWORD nWeights;
 array DWORD vertexIndices[nWeights];
 array FLOAT weights[nWeights];
 Matrix4x4 matrixOffset;
}

template AnimTicksPerSecond {
 <9e415a43-7ba6-4a73-8743-b73d47e88476>
 DWORD AnimTicksPerSecond;
}

template Animation {
 <3d82ab4f-62da-11cf-ab39-0020af71e433>
 [...]
}

template AnimationSet {
 <3d82ab50-62da-11cf-ab39-0020af71e433>
 [Animation <3d82ab4f-62da-11cf-ab39-0020af71e433>]
}

template FloatKeys {
 <10dd46a9-775b-11cf-8f52-0040333594a3>
 DWORD nValues;
 array FLOAT values[nValues];
}

template TimedFloatKeys {
 <f406b180-7b3b-11cf-8f52-0040333594a3>
 DWORD time;
 FloatKeys tfkeys;
}

template AnimationKey {
 <10dd46a8-775b-11cf-8f52-0040333594a3>
 DWORD keyType;
 DWORD nKeys;
 array TimedFloatKeys keys[nKeys];
}


Material NPC_Guard_Temp_MI {
 1.000000;1.000000;1.000000;1.000000;;
 10.000000;
 0.000000;0.000000;0.000000;;
 0.000000;0.000000;0.000000;;

 TextureFilename {
  "NPC_Guard_Temp_diff.tga";
 }
}

Frame Dummy_root {
 

 FrameTransformMatrix {
  1.000000,0.000000,0.000000,0.000000,0.000000,1.000000,0.000000,0.000000,0.000000,-0.000000,1.000000,0.000000,0.000001,24.012974,0.000000,1.000000;;
 }

 Frame Bip01 {
  

  FrameTransformMatrix {
   0.999411,0.031532,-0.013575,0.000000,-0.031432,0.999478,0.007491,0.000000,0.013804,-0.007060,0.999880,0.000000,0.115009,-2.531330,-2.573651,1.000000;;
  }

  Frame Bip01-Pelvis {
   

   FrameTransformMatrix {
    0.000000,1.000000,-0.000347,0.000000,-0.000002,0.000347,1.000000,0.000000,1.000000,-0.000000,0.000002,0.000000,0.000000,0.000000,0.000000,1.000000;;
   }

   Frame Bip01-Spine {
    

    FrameTransformMatrix {
     0.999949,0.002554,-0.009724,0.000000,-0.002531,0.999994,0.002358,0.000000,0.009730,-0.002333,0.999950,0.000000,1.083015,0.000376,0.279171,1.000000;;
    }

    Frame Bip01-Spine1 {
     

     FrameTransformMatrix {
      0.999778,0.000949,-0.021060,0.000000,-0.000853,0.999989,0.004581,0.000000,0.021064,-0.004562,0.999768,0.000000,0.573034,0.000017,-0.003692,1.000000;;
     }

     Frame Bip01-Spine2 {
      

      FrameTransformMatrix {
       0.999777,0.000949,-0.021060,0.000000,-0.000853,0.999989,0.004579,0.000000,0.021065,-0.004560,0.999768,0.000000,4.637262,0.000010,-0.001963,1.000000;;
      }

      Frame Bip01-Spine3 {
       

       FrameTransformMatrix {
        0.996256,-0.000611,-0.086453,0.000000,0.001080,0.999985,0.005385,0.000000,0.086449,-0.005458,0.996242,0.000000,2.464771,0.000028,-0.005149,1.000000;;
       }

       Frame Bip01-Neck {
        

        FrameTransformMatrix {
         0.985712,-0.003085,0.168411,0.000000,0.006894,0.999733,-0.022037,0.000000,-0.168298,0.022883,0.985470,0.000000,7.414484,-0.000048,-0.018984,1.000000;;
        }

        Frame Bip01-Head {
         

         FrameTransformMatrix {
          0.999230,-0.006184,0.038749,0.000000,0.006304,0.999976,-0.002964,0.000000,-0.038730,0.003206,0.999244,0.000000,2.752613,0.000000,0.000000,1.000000;;
         }

         Frame Bip01-HeadNub {
          

          FrameTransformMatrix {
           1.000000,-0.000000,0.000000,0.000000,-0.000000,1.000000,-0.000000,0.000000,-0.000000,-0.000000,1.000000,0.000000,5.736546,0.000001,0.000000,1.000000;;
          }
         }

         Frame FxTop {
          

          FrameTransformMatrix {
           0.037984,0.004882,0.999267,0.000000,0.999278,0.000496,-0.037987,0.000000,-0.000681,0.999988,-0.004859,0.000000,4.435894,-0.000053,0.448678,1.000000;;
          }
         }

         Frame Facial_Eyebrow_L {
          

          FrameTransformMatrix {
           0.088859,0.220492,0.971333,0.000000,0.095644,-0.972573,0.212023,0.000000,0.991442,0.074062,-0.107511,0.000000,1.483677,0.657563,1.160858,1.000000;;
          }
         }

         Frame Facial_Eyebrow_R {
          

          FrameTransformMatrix {
           0.088859,-0.220485,0.971335,0.000000,-0.095644,-0.972575,-0.212017,0.000000,0.991442,-0.074062,-0.107510,0.000000,1.483677,-0.657943,1.160860,1.000000;;
          }
         }

         Frame Facial_Eyelid_Upper_L {
          

          FrameTransformMatrix {
           0.144964,0.223890,0.963773,0.000000,0.021363,-0.974543,0.223179,0.000000,0.989206,-0.011764,-0.146057,0.000000,1.276089,0.731896,1.515968,1.000000;;
          }
         }

         Frame Facial_Eyelid_Upper_R {
          

          FrameTransformMatrix {
           0.144964,-0.223882,0.963775,0.000000,-0.021383,-0.974546,-0.223168,0.000000,0.989206,0.011743,-0.146061,0.000000,1.275730,-0.732082,1.516007,1.000000;;
          }
         }

         Frame Facial_Eye_L {
          

          FrameTransformMatrix {
           0.139179,0.138183,0.980579,0.000000,0.009306,-0.990355,0.138240,0.000000,0.990224,-0.010115,-0.139123,0.000000,1.194153,0.765210,1.738779,1.000000;;
          }
         }

         Frame Facial_Eye_R {
          

          FrameTransformMatrix {
           0.139174,-0.138178,0.980580,0.000000,-0.009324,-0.990356,-0.138233,0.000000,0.990224,0.010095,-0.139120,0.000000,1.194157,-0.765400,1.738783,1.000000;;
          }
         }

         Frame Facial_Cheek_L {
          

          FrameTransformMatrix {
           0.001430,0.471395,0.881921,0.000000,0.039342,-0.881266,0.470981,0.000000,0.999225,0.034023,-0.019806,0.000000,0.631538,0.811901,1.227003,1.000000;;
          }
         }

         Frame Facial_Cheek_R {
          

          FrameTransformMatrix {
           0.001432,-0.471405,0.881916,0.000000,0.039352,0.881260,0.470991,0.000000,-0.999224,0.034031,0.019813,0.000000,0.631535,-0.811783,1.227006,1.000000;;
          }
         }

         Frame Facial_Lip_Upper_L {
          

          FrameTransformMatrix {
           0.053510,0.105582,0.992970,0.000000,0.040271,-0.993814,0.103502,0.000000,0.997755,0.034449,-0.057431,0.000000,-0.294022,0.207237,1.897979,1.000000;;
          }
         }

         Frame Facial_Lip_Upper_R {
          

          FrameTransformMatrix {
           0.053511,-0.105278,0.993002,0.000000,0.035142,0.994009,0.103491,0.000000,-0.997949,0.029358,0.056891,0.000000,-0.293999,-0.207222,1.898140,1.000000;;
          }
         }

         Frame Facial_Lip_Out_L {
          

          FrameTransformMatrix {
           -0.031530,0.457582,0.888608,0.000000,0.036398,-0.887935,0.458527,0.000000,0.998840,0.046801,0.011341,0.000000,-0.439034,0.219952,1.683636,1.000000;;
          }
         }

         Frame Facial_Lip_Out_R {
          

          FrameTransformMatrix {
           -0.031530,-0.457580,0.888610,0.000000,0.036397,0.887936,0.458524,0.000000,-0.998840,0.046800,-0.011342,0.000000,-0.439030,-0.220047,1.683635,1.000000;;
          }
         }

         Frame Facial_Jaw {
          

          FrameTransformMatrix {
           -0.395223,0.000577,0.918585,0.000000,-0.000576,-1.000000,0.000381,0.000000,0.918585,-0.000378,0.395223,0.000000,-0.127178,-0.000042,0.328084,1.000000;;
          }

          Frame Facial_Lip_Lower_C {
           

           FrameTransformMatrix {
            0.885442,-0.000165,0.464750,0.000000,0.000166,-1.000000,-0.000670,0.000000,0.464750,0.000671,-0.885441,0.000000,1.356018,-0.000021,0.085484,1.000000;;
           }
          }
         }
        }

        Frame Bip01-L-Clavicle {
         

         FrameTransformMatrix {
          -0.471472,0.856172,-0.211386,0.000000,0.867586,0.407323,-0.285276,0.000000,-0.158143,-0.317896,-0.934844,0.000000,-0.785629,1.494932,-0.328362,1.000000;;
         }

         Frame Bip01-L-UpperArm {
          

          FrameTransformMatrix {
           0.675796,-0.731613,0.089679,0.000000,0.631275,0.511671,-0.582825,0.000000,0.380517,0.450483,0.807634,0.000000,4.944696,0.000000,0.000001,1.000000;;
          }

          Frame Bip01-L-Forearm {
           

           FrameTransformMatrix {
            0.972821,0.000000,-0.231560,0.000000,-0.000000,1.000000,0.000000,0.000000,0.231560,0.000000,0.972821,0.000000,5.657751,0.000001,0.000000,1.000000;;
           }

           Frame Bip01-L-Hand {
            

            FrameTransformMatrix {
             0.997593,0.068095,0.013089,0.000000,-0.008074,-0.073411,0.997269,0.000000,0.068869,-0.994974,-0.072684,0.000000,6.055567,0.000000,0.000001,1.000000;;
            }

            Frame Bip01-L-Finger0 {
             

             FrameTransformMatrix {
              0.754695,-0.549319,0.358726,0.000000,0.386972,-0.068830,-0.919519,0.000000,0.529800,0.832773,0.160625,0.000000,0.267483,-0.556577,-0.025429,1.000000;;
             }

             Frame Bip01-L-Finger01 {
              

              FrameTransformMatrix {
               0.887717,0.000000,0.460389,0.000000,-0.000000,1.000000,-0.000000,0.000000,-0.460389,0.000000,0.887717,0.000000,1.476519,0.000000,0.000000,1.000000;;
              }

              Frame Bip01-L-Finger02 {
               

               FrameTransformMatrix {
                0.960332,-0.000000,0.278859,0.000000,0.000000,1.000000,0.000000,0.000000,-0.278858,0.000000,0.960332,0.000000,1.210524,0.000000,-0.000001,1.000000;;
               }

               Frame Bip01-L-Finger0Nub {
                

                FrameTransformMatrix {
                 1.000000,0.000000,-0.000000,0.000000,0.000000,1.000000,0.000000,0.000000,0.000000,-0.000000,1.000000,0.000000,1.036371,-0.000000,0.000000,1.000000;;
                }
               }
              }
             }
            }

            Frame Bip01-L-Finger1 {
             

             FrameTransformMatrix {
              0.924143,0.162701,0.345670,0.000000,-0.091134,0.972548,-0.214117,0.000000,-0.371018,0.166373,0.913601,0.000000,2.474459,-0.885173,-0.628415,1.000000;;
             }

             Frame Bip01-L-Finger11 {
              

              FrameTransformMatrix {
               0.959236,-0.000000,0.282606,0.000000,0.000000,1.000000,0.000000,0.000000,-0.282606,0.000000,0.959236,0.000000,1.271685,0.000001,0.000001,1.000000;;
              }

              Frame Bip01-L-Finger12 {
               

               FrameTransformMatrix {
                0.959236,0.000000,0.282605,0.000000,-0.000000,1.000000,0.000000,0.000000,-0.282605,-0.000000,0.959237,0.000000,0.772673,0.000000,-0.000000,1.000000;;
               }

               Frame Bip01-L-Finger1Nub {
                

                FrameTransformMatrix {
                 1.000000,-0.000000,-0.000000,0.000000,0.000000,1.000000,-0.000000,0.000000,-0.000000,-0.000000,1.000000,0.000000,0.838005,0.000000,0.000001,1.000000;;
                }
               }
              }
             }
            }

            Frame Bip01-L-Finger2 {
             

             FrameTransformMatrix {
              0.780994,0.174651,0.599621,0.000000,-0.229065,0.973298,0.014862,0.000000,-0.581014,-0.148959,0.800146,0.000000,2.461987,-0.105271,-0.776137,1.000000;;
             }

             Frame Bip01-L-Finger21 {
              

              FrameTransformMatrix {
               0.942664,-0.000000,0.333745,0.000000,0.000000,1.000000,0.000000,0.000000,-0.333745,-0.000000,0.942664,0.000000,1.492226,0.000000,0.000000,1.000000;;
              }

              Frame Bip01-L-Finger22 {
               

               FrameTransformMatrix {
                0.942663,0.000000,0.333745,0.000000,-0.000000,1.000000,0.000000,0.000000,-0.333745,-0.000000,0.942663,0.000000,0.961853,-0.000000,-0.000003,1.000000;;
               }

               Frame Bip01-L-Finger2Nub {
                

                FrameTransformMatrix {
                 1.000000,0.000000,0.000000,0.000000,0.000000,1.000000,0.000000,0.000000,-0.000000,0.000000,1.000000,0.000000,0.904837,0.000000,0.000001,1.000000;;
                }
               }
              }
             }
            }

            Frame Bip01-L-Finger3 {
             

             FrameTransformMatrix {
              0.680182,0.144433,0.718673,0.000000,-0.352843,0.923860,0.148275,0.000000,-0.642537,-0.354433,0.679355,0.000000,2.310497,0.714545,-0.703493,1.000000;;
             }

             Frame Bip01-L-Finger31 {
              

              FrameTransformMatrix {
               0.942664,0.000000,0.333745,0.000000,0.000000,1.000000,0.000000,0.000000,-0.333745,-0.000000,0.942664,0.000000,1.440878,-0.000000,-0.000001,1.000000;;
              }

              Frame Bip01-L-Finger32 {
               

               FrameTransformMatrix {
                0.942664,0.000000,0.333745,0.000000,-0.000000,1.000000,0.000000,0.000000,-0.333745,-0.000000,0.942664,0.000000,0.912705,0.000000,-0.000002,1.000000;;
               }

               Frame Bip01-L-Finger3Nub {
                

                FrameTransformMatrix {
                 1.000000,-0.000000,-0.000000,0.000000,-0.000000,1.000000,0.000000,0.000000,0.000000,0.000000,1.000000,0.000000,0.863362,0.000000,0.000001,1.000000;;
                }
               }
              }
             }
            }

            Frame Bip01-L-Finger4 {
             

             FrameTransformMatrix {
              0.715558,0.137347,0.684918,0.000000,-0.445249,0.845177,0.295684,0.000000,-0.538266,-0.516538,0.665927,0.000000,2.122461,1.342596,-0.448959,1.000000;;
             }

             Frame Bip01-L-Finger41 {
              

              FrameTransformMatrix {
               0.942664,0.000000,0.333745,0.000000,-0.000000,1.000000,-0.000000,0.000000,-0.333745,-0.000000,0.942663,0.000000,1.129986,-0.000000,0.000000,1.000000;;
              }

              Frame Bip01-L-Finger42 {
               

               FrameTransformMatrix {
                0.942663,-0.000000,0.333745,0.000000,0.000000,1.000000,0.000000,0.000000,-0.333745,-0.000000,0.942664,0.000000,0.587467,-0.000001,-0.000002,1.000000;;
               }

               Frame Bip01-L-Finger4Nub {
                

                FrameTransformMatrix {
                 1.000000,-0.000000,0.000000,0.000000,0.000000,1.000000,0.000000,0.000000,0.000000,0.000000,1.000000,0.000000,0.677021,0.000000,-0.000001,1.000000;;
                }
               }
              }
             }
            }

            Frame FxHand00 {
             

             FrameTransformMatrix {
              0.213647,-0.958526,-0.188634,0.000000,-0.945237,-0.154059,-0.287739,0.000000,0.246745,0.239778,-0.938948,0.000000,1.000000,0.000003,1.999996,1.000000;;
             }
            }

            Frame L_Sword {
             

             FrameTransformMatrix {
              0.639748,0.205897,-0.740492,0.000000,0.012666,-0.966143,-0.257698,0.000000,-0.768480,0.155483,-0.620696,0.000000,0.000000,0.000000,0.000000,1.000000;;
             }
            }
           }

           Frame L_Elbow {
            

            FrameTransformMatrix {
             0.993182,-0.000000,0.116575,0.000000,0.000000,1.000000,-0.000000,0.000000,-0.116575,-0.000000,0.993182,0.000000,0.000002,-0.000003,0.000000,1.000000;;
            }
           }

           Frame L_Shield {
            

            FrameTransformMatrix {
             1.000000,-0.000000,-0.000000,0.000000,0.000000,1.000000,0.000000,0.000000,-0.000000,-0.000000,1.000000,0.000000,2.499998,2.500001,0.000000,1.000000;;
            }
           }

           Frame Bip01-L-ForeTwist {
            

            FrameTransformMatrix {
             1.000000,-0.000000,0.000000,0.000000,0.000000,0.999325,0.036731,0.000000,0.000000,-0.036731,0.999325,0.000000,0.000000,0.000000,0.000000,1.000000;;
            }
           }
          }

          Frame L_Shoulder {
           

           FrameTransformMatrix {
            0.898594,0.384922,0.210628,0.000000,-0.437483,0.749060,0.497513,0.000000,0.033731,-0.539208,0.841497,0.000000,-0.000004,0.000001,0.000000,1.000000;;
           }
          }

          Frame L_Shoulder_Twist {
           

           FrameTransformMatrix {
            0.998879,0.043875,0.017826,0.000000,-0.047231,0.950458,0.307246,0.000000,-0.003462,-0.307743,0.951463,0.000000,0.000000,0.000000,0.000000,1.000000;;
           }
          }
         }
        }

        Frame Bip01-R-Clavicle {
         

         FrameTransformMatrix {
          -0.411822,-0.869302,-0.273344,0.000000,-0.897117,0.334110,0.289053,0.000000,-0.159947,0.364260,-0.917459,0.000000,-0.776444,-1.483065,-0.396517,1.000000;;
         }

         Frame Bip01-R-UpperArm {
          

          FrameTransformMatrix {
           0.792320,0.525255,0.310381,0.000000,-0.581471,0.804138,0.123505,0.000000,-0.184718,-0.278333,0.942555,0.000000,4.944693,0.000004,0.000000,1.000000;;
          }

          Frame Bip01-R-Forearm {
           

           FrameTransformMatrix {
            -0.319559,0.000000,-0.947566,0.000000,-0.000000,1.000000,0.000000,0.000000,0.947566,0.000000,-0.319559,0.000000,5.657755,-0.000002,-0.000000,1.000000;;
           }

           Frame Bip01-R-Hand {
            

            FrameTransformMatrix {
             0.975392,0.190367,-0.111229,0.000000,-0.040944,-0.339317,-0.939781,0.000000,-0.216645,0.921208,-0.323173,0.000000,6.055565,-0.000002,-0.000002,1.000000;;
            }

            Frame Bip01-R-Finger0 {
             

             FrameTransformMatrix {
              0.601098,0.721384,0.343929,0.000000,-0.398011,-0.102963,0.911584,0.000000,0.693014,-0.684839,0.225228,0.000000,0.267485,0.556578,-0.025431,1.000000;;
             }

             Frame Bip01-R-Finger01 {
              

              FrameTransformMatrix {
               0.764842,-0.000000,0.644218,0.000000,0.000000,1.000000,-0.000000,0.000000,-0.644218,0.000000,0.764842,0.000000,1.476517,0.000004,0.000004,1.000000;;
              }

              Frame Bip01-R-Finger02 {
               

               FrameTransformMatrix {
                0.548724,-0.000000,0.836003,0.000000,0.000000,1.000000,0.000000,0.000000,-0.836003,0.000000,0.548724,0.000000,1.210524,0.000000,0.000004,1.000000;;
               }

               Frame Bip01-R-Finger0Nub {
                

                FrameTransformMatrix {
                 -1.000000,-0.000000,-0.000690,0.000000,-0.000000,1.000000,0.000000,0.000000,0.000690,0.000000,-1.000000,0.000000,1.036373,-0.000004,-0.000006,1.000000;;
                }
               }
              }
             }
            }

            Frame Bip01-R-Finger1 {
             

             FrameTransformMatrix {
              0.631517,-0.050214,0.773734,0.000000,0.012304,0.998424,0.054754,0.000000,-0.775264,-0.025058,0.631140,0.000000,2.474459,0.885170,-0.628420,1.000000;;
             }

             Frame Bip01-R-Finger11 {
              

              FrameTransformMatrix {
               0.436657,-0.000000,0.899628,0.000000,-0.000000,1.000000,-0.000000,0.000000,-0.899628,-0.000000,0.436657,0.000000,1.271688,0.000000,-0.000002,1.000000;;
              }

              Frame Bip01-R-Finger12 {
               

               FrameTransformMatrix {
                0.631981,0.000000,0.774984,0.000000,0.000000,1.000000,-0.000000,0.000000,-0.774984,-0.000000,0.631981,0.000000,0.772671,0.000008,0.000001,1.000000;;
               }

               Frame Bip01-R-Finger1Nub {
                

                FrameTransformMatrix {
                 -1.000000,0.000000,0.000691,0.000000,-0.000000,1.000000,0.000000,0.000000,-0.000691,-0.000000,-1.000000,0.000000,0.838005,0.000000,-0.000002,1.000000;;
                }
               }
              }
             }
            }

            Frame Bip01-R-Finger2 {
             

             FrameTransformMatrix {
              0.563467,-0.060066,0.823953,0.000000,0.180467,0.982215,-0.051811,0.000000,-0.806187,0.177890,0.564286,0.000000,2.461983,0.105270,-0.776138,1.000000;;
             }

             Frame Bip01-R-Finger21 {
              

              FrameTransformMatrix {
               0.296544,0.000000,0.955019,0.000000,0.000000,1.000000,-0.000000,0.000000,-0.955019,-0.000000,0.296544,0.000000,1.492226,0.000004,-0.000001,1.000000;;
              }

              Frame Bip01-R-Finger22 {
               

               FrameTransformMatrix {
                0.501037,-0.000000,0.865426,0.000000,-0.000000,1.000000,0.000000,0.000000,-0.865426,0.000000,0.501036,0.000000,0.961846,-0.000004,0.000001,1.000000;;
               }

               Frame Bip01-R-Finger2Nub {
                

                FrameTransformMatrix {
                 -1.000000,0.000000,-0.000690,0.000000,0.000000,1.000000,0.000000,0.000000,0.000690,-0.000000,-1.000000,0.000000,0.904837,-0.000002,0.000000,1.000000;;
                }
               }
              }
             }
            }

            Frame Bip01-R-Finger3 {
             

             FrameTransformMatrix {
              0.536091,-0.065135,0.841644,0.000000,0.298347,0.947293,-0.116723,0.000000,-0.789681,0.313676,0.527268,0.000000,2.310498,-0.714546,-0.703491,1.000000;;
             }

             Frame Bip01-R-Finger31 {
              

              FrameTransformMatrix {
               0.554450,-0.000000,0.832217,0.000000,-0.000000,1.000000,0.000000,0.000000,-0.832217,0.000000,0.554450,0.000000,1.440883,-0.000002,0.000000,1.000000;;
              }

              Frame Bip01-R-Finger32 {
               

               FrameTransformMatrix {
                0.457646,-0.000000,0.889134,0.000000,-0.000000,1.000000,0.000000,0.000000,-0.889134,-0.000000,0.457646,0.000000,0.912707,0.000000,0.000000,1.000000;;
               }

               Frame Bip01-R-Finger3Nub {
                

                FrameTransformMatrix {
                 -1.000000,0.000000,-0.000690,0.000000,0.000000,1.000000,0.000000,0.000000,0.000690,0.000000,-1.000000,0.000000,0.863363,-0.000002,0.000001,1.000000;;
                }
               }
              }
             }
            }

            Frame Bip01-R-Finger4 {
             

             FrameTransformMatrix {
              0.528336,0.016309,0.848879,0.000000,0.435435,0.853110,-0.287402,0.000000,-0.728874,0.521477,0.443626,0.000000,2.122463,-1.342602,-0.448959,1.000000;;
             }

             Frame Bip01-R-Finger41 {
              

              FrameTransformMatrix {
               0.844706,-0.000000,0.535231,0.000000,0.000000,1.000000,0.000000,0.000000,-0.535231,0.000000,0.844706,0.000000,1.129982,0.000002,0.000002,1.000000;;
              }

              Frame Bip01-R-Finger42 {
               

               FrameTransformMatrix {
                0.747777,0.000000,0.663950,0.000000,-0.000000,1.000000,-0.000000,0.000000,-0.663950,-0.000000,0.747777,0.000000,0.587464,0.000000,-0.000001,1.000000;;
               }

               Frame Bip01-R-Finger4Nub {
                

                FrameTransformMatrix {
                 -1.000000,0.000000,0.000691,0.000000,-0.000000,1.000000,0.000000,0.000000,-0.000691,0.000000,-1.000000,0.000000,0.677020,0.000000,0.000000,1.000000;;
                }
               }
              }
             }
            }

            Frame FxHand01 {
             

             FrameTransformMatrix {
              0.993416,-0.090123,0.070732,0.000000,0.103308,0.971573,-0.213012,0.000000,-0.049523,0.218916,0.974486,0.000000,1.000001,0.000000,1.999998,1.000000;;
             }
            }

            Frame R_Sword {
             

             FrameTransformMatrix {
              -0.406717,-0.140621,-0.902667,0.000000,0.100504,0.975197,-0.197204,0.000000,0.908009,-0.170928,-0.382496,0.000000,0.646570,-16.428989,3.977792,1.000000;;
             }
            }
           }

           Frame R_Elbow {
            

            FrameTransformMatrix {
             0.583284,-0.000000,0.812268,0.000000,0.000000,1.000000,0.000000,0.000000,-0.812268,-0.000000,0.583284,0.000000,-0.000001,0.000000,0.000000,1.000000;;
            }
           }

           Frame Bip01-R-ForeTwist {
            

            FrameTransformMatrix {
             1.000000,0.000000,-0.000000,0.000000,-0.000000,0.985030,-0.172382,0.000000,0.000000,0.172381,0.985030,0.000000,0.000000,0.000000,0.000000,1.000000;;
            }
           }
          }

          Frame R_Shoulder {
           

           FrameTransformMatrix {
            0.936294,-0.331902,-0.114870,0.000000,0.308101,0.933188,-0.185026,0.000000,0.168606,0.137847,0.975997,0.000000,0.000000,0.000000,0.000000,1.000000;;
           }
          }

          Frame R_Shoulder_Twist {
           

           FrameTransformMatrix {
            0.999269,-0.035998,-0.012844,0.000000,0.035008,0.996906,-0.070376,0.000000,0.015338,0.069875,0.997438,0.000000,0.000000,0.000000,0.000000,1.000000;;
           }
          }
         }
        }
       }
      }

      Frame FxCenter {
       

       FrameTransformMatrix {
        -0.083114,0.025461,0.996215,0.000000,0.996462,-0.010397,0.083401,0.000000,0.012481,0.999622,-0.024506,0.000000,1.025011,-0.000057,0.165858,1.000000;;
       }
      }

      Frame Weapon_Back {
       

       FrameTransformMatrix {
        -0.999136,0.000690,-0.041546,0.000000,-0.000690,-1.000000,-0.000018,0.000000,-0.041546,0.000011,0.999137,0.000000,5.950184,-0.000067,-6.085648,1.000000;;
       }
      }
     }
    }

    Frame Bip01-L-Thigh {
     

     FrameTransformMatrix {
      -0.998489,0.054854,0.003122,0.000000,-0.053634,-0.985465,0.161190,0.000000,0.011919,0.160780,0.986918,0.000000,-1.071112,3.580256,-0.298036,1.000000;;
     }

     Frame Bip01-L-Calf {
      

      FrameTransformMatrix {
       0.973871,-0.000000,-0.227103,0.000000,0.000000,1.000000,-0.000000,0.000000,0.227103,0.000000,0.973871,0.000000,8.514012,0.000001,0.000000,1.000000;;
      }

      Frame Bip01-L-Foot {
       

       FrameTransformMatrix {
        0.982282,0.043886,0.182195,0.000000,-0.063956,0.992330,0.105786,0.000000,-0.176155,-0.115564,0.977555,0.000000,10.204301,0.000001,0.000000,1.000000;;
       }

       Frame Bip01-L-Toe0 {
        

        FrameTransformMatrix {
         -0.000000,0.000001,1.000000,0.000000,0.000000,1.000000,-0.000001,0.000000,-1.000000,0.000000,0.000000,0.000000,2.933388,-0.000000,2.839927,1.000000;;
        }

        Frame Bip01-L-Toe0Nub {
         

         FrameTransformMatrix {
          -1.000000,0.000000,-0.000690,0.000000,0.000000,1.000000,-0.000000,0.000000,0.000690,-0.000000,-1.000000,0.000000,3.030443,0.000000,0.000000,1.000000;;
         }
        }
       }
      }

      Frame L_Knee {
       

       FrameTransformMatrix {
        0.993446,0.000000,0.114301,0.000000,-0.000000,1.000000,0.000000,0.000000,-0.114301,-0.000000,0.993446,0.000000,0.000001,-0.000002,-0.000000,1.000000;;
       }
      }

      Frame Bip01-LCalfTwist {
       

       FrameTransformMatrix {
        1.000000,0.000000,0.000000,0.000000,-0.000000,0.998590,0.053076,0.000000,0.000000,-0.053076,0.998590,0.000000,0.000000,0.000000,0.000000,1.000000;;
       }
      }
     }

     Frame L_Thigh {
      

      FrameTransformMatrix {
       0.998836,-0.040323,-0.026492,0.000000,0.038541,0.997164,-0.064643,0.000000,0.029023,0.063547,0.997557,0.000000,0.015146,0.000000,0.030300,1.000000;;
      }
     }
    }

    Frame Bip01-R-Thigh {
     

     FrameTransformMatrix {
      -0.999919,-0.004918,0.011780,0.000000,0.003696,-0.994819,-0.101593,0.000000,0.012218,-0.101542,0.994756,0.000000,-1.089380,-3.576840,-0.281349,1.000000;;
     }

     Frame Bip01-R-Calf {
      

      FrameTransformMatrix {
       0.976826,0.000000,-0.214037,0.000000,0.000000,1.000000,0.000000,0.000000,0.214037,-0.000000,0.976826,0.000000,8.514012,0.000000,0.000000,1.000000;;
      }

      Frame Bip01-R-Foot {
       

       FrameTransformMatrix {
        0.986953,-0.008543,0.160782,0.000000,0.037425,0.983413,-0.177480,0.000000,-0.156599,0.181182,0.970902,0.000000,10.204304,-0.000000,-0.000000,1.000000;;
       }

       Frame Bip01-R-Toe0 {
        

        FrameTransformMatrix {
         -0.000000,0.000001,1.000000,0.000000,0.000000,1.000000,-0.000001,0.000000,-1.000000,0.000000,0.000000,0.000000,2.933388,-0.000000,2.839927,1.000000;;
        }

        Frame Bip01-R-Toe0Nub {
         

         FrameTransformMatrix {
          1.000000,0.000000,0.000000,0.000000,-0.000000,1.000000,0.000000,0.000000,0.000000,-0.000000,1.000000,0.000000,3.030442,0.000000,-0.000000,1.000000;;
         }
        }
       }
      }

      Frame R_Knee {
       

       FrameTransformMatrix {
        0.994190,-0.000000,0.107644,0.000000,0.000000,1.000000,0.000000,0.000000,-0.107644,-0.000000,0.994190,0.000000,0.000000,-0.000002,-0.000000,1.000000;;
       }
      }

      Frame Bip01-RCalfTwist {
       

       FrameTransformMatrix {
        1.000000,-0.000000,-0.000000,0.000000,0.000000,0.996018,-0.089157,0.000000,0.000000,0.089157,0.996018,0.000000,0.000000,0.000000,0.000000,1.000000;;
       }
      }
     }

     Frame R_Thigh {
      

      FrameTransformMatrix {
       0.997621,0.061847,-0.030452,0.000000,-0.060709,0.997471,0.036977,0.000000,0.032662,-0.035040,0.998852,0.000000,0.016970,0.000000,0.033939,1.000000;;
      }
     }
    }

    Frame Skirt_Dummy {
     

     FrameTransformMatrix {
      -1.000000,-0.000488,0.000796,0.000000,0.000488,-1.000000,0.000001,0.000000,0.000796,0.000001,1.000000,0.000000,0.809229,-0.000057,-0.105988,1.000000;;
     }

     Frame Skirt_CF_00 {
      

      FrameTransformMatrix {
       0.999972,-0.000002,0.007472,0.000000,0.000003,-1.000000,-0.000691,0.000000,0.007472,0.000691,-0.999972,0.000000,0.313774,0.004585,6.230348,1.000000;;
      }
     }

     Frame Skirt_LF_00 {
      

      FrameTransformMatrix {
       0.995516,-0.072465,0.060806,0.000000,0.000000,-0.642786,-0.766046,0.000000,0.094597,0.762611,-0.639904,0.000000,0.453522,-5.195004,3.960138,1.000000;;
      }
     }

     Frame Skirt_LB_00 {
      

      FrameTransformMatrix {
       0.995516,-0.072465,-0.060806,0.000000,-0.000000,0.642788,-0.766044,0.000000,0.094597,0.762609,0.639905,0.000000,0.781750,-5.583002,-2.107359,1.000000;;
      }
     }

     Frame Skirt_CB_00 {
      

      FrameTransformMatrix {
       0.995516,0.000000,-0.094597,0.000000,-0.000000,1.000000,-0.000000,0.000000,0.094597,0.000000,0.995516,0.000000,1.082163,-0.000004,-5.293027,1.000000;;
      }
     }

     Frame Skirt_RB_00 {
      

      FrameTransformMatrix {
       0.995516,0.072465,-0.060806,0.000000,0.000000,0.642788,0.766044,0.000000,0.094597,-0.762609,0.639905,0.000000,0.781746,5.583247,-2.107358,1.000000;;
      }
     }

     Frame Skirt_RF_00 {
      

      FrameTransformMatrix {
       0.995516,0.072465,0.060806,0.000000,-0.000000,-0.642787,0.766045,0.000000,0.094597,-0.762609,-0.639905,0.000000,0.453520,5.194520,3.960139,1.000000;;
      }
     }
    }
   }
  }
 }

 Frame FxBottom {
  

  FrameTransformMatrix {
   1.000000,0.000000,0.000000,0.000000,0.000000,1.000000,0.000000,0.000000,0.000000,0.000000,1.000000,0.000000,-2.427096,-22.938626,0.000000,1.000000;;
  }
 }
}

Frame NPC_Guard_Temp_Skel {
 

 FrameTransformMatrix {
  1.000000,0.000000,0.000000,0.000000,0.000000,1.000000,0.000000,0.000000,0.000000,0.000000,1.000000,0.000000,0.000000,0.000000,0.000000,1.000000;;
 }

 Mesh NPC_Guard_Temp_Skel {
  5322;
  -2.694124;28.351581;19.577491;,
  -2.822134;28.664842;19.693027;,
  -2.722737;28.318746;19.551078;,
  -0.277710;30.747434;5.426268;,
  1.457763;30.418573;4.173826;,
  1.202879;31.306032;4.570312;,
  -0.165769;29.980800;5.071531;,
  0.546386;28.172726;5.758056;,
  2.398436;28.619382;4.544432;,
  0.970457;26.463987;6.088378;,
  2.523050;30.851203;2.669311;,
  2.286132;31.668576;2.790526;,
  0.770263;32.963501;4.572020;,
  -0.560791;32.122346;5.561032;,
  -1.788330;31.412131;6.073485;,
  -1.651549;30.352045;5.761962;,
  -1.418578;29.557859;5.490234;,
  -1.351807;32.507792;6.640805;,
  -2.011963;31.648797;6.514098;,
  -1.043945;32.710688;6.063475;,
  -0.872592;34.388605;5.665186;,
  -0.226972;34.823293;4.436364;,
  0.549072;34.816461;2.581786;,
  -0.698241;36.326416;2.289307;,
  0.729491;34.683104;1.208068;,
  -0.148926;35.770502;1.024777;,
  -0.751952;37.549923;1.571532;,
  -2.024658;37.563507;2.119351;,
  -0.725097;36.928166;1.826514;,
  -2.290526;37.081542;2.674315;,
  -1.260498;36.041744;4.090696;,
  -1.664550;35.856934;5.571410;,
  -0.986327;33.916381;7.085570;,
  -0.622069;37.314323;1.396544;,
  -0.385497;36.542419;1.210663;,
  -0.347533;36.356746;0.896453;,
  -0.546141;36.942992;0.768126;,
  -0.717040;37.349242;0.679990;,
  -0.941894;37.561706;1.100876;,
  -0.945068;37.789734;1.187874;,
  -1.758787;38.180195;1.857355;,
  -1.870116;38.241939;1.496581;,
  -0.519315;37.192394;-0.000000;,
  -1.070152;37.055738;0.553813;,
  -1.148838;37.260230;0.839166;,
  -1.227522;37.464736;1.124518;,
  -2.159965;37.899450;1.325601;,
  -3.120902;38.230067;1.126513;,
  -2.886838;38.591744;1.285936;,
  -0.916504;36.951082;-0.000000;,
  -3.104461;38.705926;1.831054;,
  -3.366867;38.111613;2.146051;,
  -3.629271;37.623277;2.564694;,
  -3.992843;37.402893;3.725980;,
  -2.387330;37.008544;3.871578;,
  -4.178344;36.849603;5.228514;,
  -2.819520;36.680909;5.506346;,
  -3.139221;36.099853;7.909423;,
  -1.417235;32.810851;8.560425;,
  -2.353516;32.772461;10.972654;,
  -1.849607;31.882445;10.669494;,
  -2.224122;34.105827;8.990479;,
  -1.313964;33.502442;7.488525;,
  -2.142700;34.901856;7.760253;,
  -1.859619;35.480835;7.634886;,
  -3.217270;35.294189;7.974119;,
  -3.334702;34.581306;9.325428;,
  -3.361816;33.474714;11.201851;,
  -2.402833;32.439453;11.609375;,
  -2.178711;31.493405;11.410218;,
  -3.556824;32.998291;11.834717;,
  -2.550291;32.214355;12.270749;,
  -2.007812;31.243651;12.036562;,
  -1.795164;30.625242;13.417542;,
  -2.691650;31.212400;15.402586;,
  -2.027344;30.123286;14.946746;,
  -2.404216;31.743293;13.880402;,
  -3.726560;32.794320;12.594565;,
  -4.270752;32.990227;11.728516;,
  -4.589600;33.436771;11.057129;,
  -3.676380;32.255155;14.120544;,
  -3.780712;31.454829;15.735426;,
  -4.647765;34.688042;9.007542;,
  -4.491638;35.280144;7.889892;,
  -4.418702;36.177482;7.870360;,
  4.321044;23.087886;2.829956;,
  3.179929;22.350096;4.749877;,
  4.472034;22.472494;3.038331;,
  3.437984;20.436152;4.952637;,
  4.122801;16.629083;3.328122;,
  3.375242;18.301878;4.866942;,
  3.266599;16.557344;4.982422;,
  4.390979;18.305163;3.082732;,
  4.717772;20.226256;3.031249;,
  4.954101;22.466426;1.545897;,
  4.750487;23.078856;1.579466;,
  4.513672;26.096435;1.368283;,
  4.781250;26.188477;0.000000;,
  4.549943;18.339106;2.665828;,
  4.942613;18.429322;1.647216;,
  5.228270;20.261229;1.597350;,
  5.021668;23.257546;0.000000;,
  5.329053;22.539704;0.000000;,
  5.512938;20.187253;0.000000;,
  5.243706;18.492395;0.000000;,
  4.664540;17.372192;1.651366;,
  4.784475;15.861539;0.000000;,
  4.525878;26.755616;1.327453;,
  4.739714;26.888154;0.000000;,
  4.220946;28.674835;0.000000;,
  3.974609;28.759091;1.329345;,
  3.003390;30.851165;0.000000;,
  2.775735;30.730234;1.239074;,
  2.899579;31.742045;0.000000;,
  2.650145;31.747312;1.358520;,
  2.128661;33.228029;0.000000;,
  1.871582;33.241206;1.415465;,
  1.541990;33.219661;2.695434;,
  3.651366;28.746093;2.804687;,
  0.843503;34.740470;0.000000;,
  0.015951;35.647018;0.000000;,
  -0.174109;36.271690;-0.000000;,
  -0.364171;36.896358;-0.000000;,
  -6.861018;20.759654;-0.000000;,
  -6.344236;22.213251;1.822997;,
  -6.485166;22.169064;-0.000000;,
  -5.484130;22.568598;3.463378;,
  -5.515380;22.003472;3.643432;,
  -6.557128;20.812680;2.018797;,
  -7.013686;19.030784;-0.000000;,
  -6.642333;18.912411;2.035887;,
  -7.180143;17.659266;-0.000000;,
  -5.527100;20.560053;3.908202;,
  -3.503418;22.574976;5.531982;,
  -3.513427;22.048824;5.718017;,
  -3.688932;20.610395;5.974604;,
  -5.557860;18.701350;4.017332;,
  -6.767645;17.576454;2.076696;,
  -7.193114;15.961360;-0.000000;,
  -6.859373;15.951405;1.920164;,
  -5.738035;17.393736;4.180172;,
  -3.661620;18.543562;6.101398;,
  -0.273986;22.281115;6.605985;,
  -2.105468;22.588891;6.371095;,
  -2.047089;22.101530;6.499024;,
  -1.966277;20.543818;6.882811;,
  -1.925231;18.475278;7.190672;,
  -3.770994;17.099360;6.297851;,
  -5.959959;15.862912;4.078367;,
  -3.707517;15.369234;6.199948;,
  -2.087981;16.910789;7.412842;,
  -0.029236;18.364558;7.443114;,
  -0.061949;20.465941;6.988769;,
  -0.006773;16.723813;7.749022;,
  -2.021117;15.205987;7.452634;,
  -0.179504;14.937741;7.625974;,
  -0.656799;25.375672;6.497069;,
  -0.288572;22.621880;6.424315;,
  -3.924804;27.595674;5.029052;,
  -5.508057;26.039974;3.262694;,
  -3.993622;26.182373;5.363769;,
  -2.572783;27.776336;5.956355;,
  -2.417204;26.215819;6.428953;,
  -0.970701;28.011392;6.132005;,
  -0.652831;26.284606;6.618164;,
  -2.232604;25.298184;6.224120;,
  -1.418578;29.557859;5.490234;,
  -6.196776;22.685909;1.776366;,
  -5.259276;25.410766;3.217160;,
  -3.664549;25.343933;5.144530;,
  -6.323030;22.736498;-0.000000;,
  -5.770751;25.453974;1.409546;,
  -5.973819;26.062866;1.397948;,
  -5.759163;25.391182;-0.000000;,
  -5.950366;25.937595;-0.000000;,
  -5.898888;27.340413;-0.000000;,
  -6.185431;30.099274;-0.000000;,
  -6.622068;31.389194;1.498778;,
  -6.517333;31.299987;-0.000000;,
  -6.194335;30.046509;1.386229;,
  -6.091126;28.747949;-0.000000;,
  -6.078740;28.665894;1.366087;,
  -5.867405;27.299984;1.366331;,
  -5.299289;27.366573;3.313842;,
  -5.526738;28.716246;3.148925;,
  -5.744141;30.147334;3.186889;,
  -6.497069;31.410160;3.276304;,
  -6.794187;33.549376;3.186766;,
  -6.513184;33.533168;4.988524;,
  -5.988036;35.507075;4.913573;,
  -6.354736;33.517376;6.615201;,
  -5.890138;34.951472;7.297483;,
  -5.488526;34.497306;7.509702;,
  -6.877180;33.552742;1.592065;,
  -6.357908;35.954979;1.578489;,
  -6.158204;35.947750;3.270019;,
  -3.992843;37.402893;3.725980;,
  -4.178344;36.849603;5.228514;,
  -4.418702;36.177482;7.870360;,
  -4.491638;35.280144;7.889892;,
  -5.488142;36.984925;1.652063;,
  -5.675538;33.898192;8.541869;,
  -4.647765;34.688042;9.007542;,
  -4.589600;33.436771;11.057129;,
  -3.366867;38.111613;2.146051;,
  -4.817382;37.860352;1.243163;,
  -3.629271;37.623277;2.564694;,
  -5.759765;36.954099;-0.000000;,
  -6.271552;35.895139;-0.000000;,
  -6.813270;33.612400;-0.000000;,
  -5.001558;37.832893;-0.000000;,
  -4.413268;38.474304;1.059570;,
  -4.567784;38.430736;-0.000000;,
  -4.009152;39.088256;0.875976;,
